2.4965363,	9.945,	9.308,	308.139,	56.371,	44.074,	306.609,	0.0,	0.0,	0.0,	NaN,	300.199,	0.0,	0.0,	0.0,	NaN,	299.754,	2.119
2.632721,	8.862,	8.294,	308.139,	56.331,	44.171,	306.609,	0.0,	0.0,	0.0,	NaN,	300.192,	0.0,	0.0,	0.0,	NaN,	299.754,	2.118
2.7655365,	8.35,	7.838,	308.139,	56.302,	44.109,	306.609,	0.0,	0.0,	0.0,	NaN,	300.195,	0.0,	0.0,	0.0,	NaN,	299.754,	2.119
2.9021606,	8.517,	8.02,	308.141,	56.331,	43.945,	306.609,	0.0,	0.0,	0.0,	NaN,	300.195,	0.0,	0.0,	0.0,	NaN,	299.751,	2.119
3.0337777,	10.065,	9.446,	308.141,	56.37,	43.937,	306.609,	0.0,	0.0,	0.0,	NaN,	300.195,	0.0,	0.0,	0.0,	NaN,	299.751,	2.124
3.1675305,	10.043,	9.407,	308.141,	56.379,	44.042,	306.609,	0.0,	0.0,	0.0,	NaN,	300.192,	0.0,	0.0,	0.0,	NaN,	299.751,	2.124
3.2958674,	9.042,	8.461,	308.141,	56.346,	44.16,	306.609,	0.0,	0.0,	0.0,	NaN,	300.195,	0.0,	0.0,	0.0,	NaN,	299.751,	2.124
3.4212897,	8.427,	7.903,	308.139,	56.307,	44.141,	306.609,	0.0,	0.0,	0.0,	NaN,	300.192,	0.0,	0.0,	0.0,	NaN,	299.747,	2.124
3.552685,	8.381,	7.882,	308.139,	56.312,	44.019,	306.609,	0.0,	0.0,	0.0,	NaN,	300.195,	0.0,	0.0,	0.0,	NaN,	299.751,	2.124
3.6867404,	9.965,	9.363,	308.139,	56.351,	43.917,	306.609,	0.0,	0.0,	0.0,	NaN,	300.195,	0.0,	0.0,	0.0,	NaN,	299.747,	2.124
3.8202434,	10.084,	9.45,	308.139,	56.376,	44.017,	306.609,	0.0,	0.0,	0.0,	NaN,	300.192,	0.0,	0.0,	0.0,	NaN,	299.747,	2.124
3.9560254,	9.259,	8.664,	308.136,	56.355,	44.145,	306.609,	0.0,	0.0,	0.0,	NaN,	300.192,	0.0,	0.0,	0.0,	NaN,	299.747,	2.124
4.099631,	8.494,	7.961,	308.136,	56.316,	44.159,	306.609,	0.0,	0.0,	0.0,	NaN,	300.192,	0.0,	0.0,	0.0,	NaN,	299.744,	2.124
4.2289886,	8.35,	7.849,	308.136,	56.309,	44.031,	306.609,	0.0,	0.0,	0.0,	NaN,	300.192,	0.0,	0.0,	0.0,	NaN,	299.744,	2.124
4.3681884,	9.821,	9.237,	308.136,	56.337,	43.912,	306.609,	0.0,	0.0,	0.0,	NaN,	300.192,	0.0,	0.0,	0.0,	NaN,	299.747,	2.124
4.498806,	10.089,	9.458,	308.139,	56.369,	43.987,	306.609,	0.0,	0.0,	0.0,	NaN,	300.192,	0.0,	0.0,	0.0,	NaN,	299.747,	2.124
4.628725,	9.483,	8.873,	308.139,	56.365,	44.124,	306.609,	0.0,	0.0,	0.0,	NaN,	300.192,	0.0,	0.0,	0.0,	NaN,	299.747,	2.124
4.7626705,	8.582,	8.04,	308.139,	56.325,	44.168,	306.609,	0.0,	0.0,	0.0,	NaN,	300.192,	0.0,	0.0,	0.0,	NaN,	299.744,	2.125
4.890329,	8.321,	7.814,	308.139,	56.299,	44.078,	306.609,	0.0,	0.0,	0.0,	NaN,	300.188,	0.0,	0.0,	0.0,	NaN,	299.747,	2.125
5.0311575,	9.568,	9.018,	308.136,	56.323,	43.914,	306.609,	0.0,	0.0,	0.0,	NaN,	300.188,	0.0,	0.0,	0.0,	NaN,	299.747,	2.125
5.1637254,	10.083,	9.456,	308.136,	56.364,	43.966,	306.609,	0.0,	0.0,	0.0,	NaN,	300.192,	0.0,	0.0,	0.0,	NaN,	299.744,	2.125
5.293229,	9.701,	9.072,	308.136,	56.373,	44.097,	306.609,	0.0,	0.0,	0.0,	NaN,	300.188,	0.0,	0.0,	0.0,	NaN,	299.747,	2.125
5.4260006,	8.695,	8.141,	308.136,	56.341,	44.169,	306.609,	0.0,	0.0,	0.0,	NaN,	300.188,	0.0,	0.0,	0.0,	NaN,	299.747,	2.125
5.5615377,	8.327,	7.819,	308.134,	56.301,	44.09,	306.609,	0.0,	0.0,	0.0,	NaN,	300.192,	0.0,	0.0,	0.0,	NaN,	299.747,	2.125
5.692902,	8.624,	8.693,	308.134,	56.307,	43.928,	306.613,	0.0,	0.0,	0.0,	NaN,	300.192,	0.0,	0.0,	0.0,	NaN,	299.751,	2.125
5.825836,	10.07,	9.448,	308.134,	56.351,	43.942,	306.613,	0.0,	0.0,	0.0,	NaN,	300.192,	0.0,	0.0,	0.0,	NaN,	299.751,	2.126
5.9563384,	9.922,	9.286,	308.139,	56.373,	44.066,	306.613,	0.0,	0.0,	0.0,	NaN,	300.192,	0.0,	0.0,	0.0,	NaN,	299.747,	2.125
6.0946383,	8.839,	8.274,	308.139,	56.353,	44.162,	306.613,	0.0,	0.0,	0.0,	NaN,	300.192,	0.0,	0.0,	0.0,	NaN,	299.747,	2.125
6.2364173,	8.361,	7.846,	308.139,	56.31,	44.113,	306.615,	0.0,	0.0,	0.0,	NaN,	300.192,	0.0,	0.0,	0.0,	NaN,	299.751,	2.125
6.3656797,	8.521,	8.025,	308.139,	56.3,	43.953,	306.615,	0.0,	0.0,	0.0,	NaN,	300.192,	0.0,	0.0,	0.0,	NaN,	299.747,	2.125
6.4957023,	10.037,	9.423,	308.136,	56.32,	43.923,	306.615,	0.0,	0.0,	0.0,	NaN,	300.192,	0.0,	0.0,	0.0,	NaN,	299.751,	2.107
6.6278677,	10.026,	9.391,	308.136,	56.372,	44.038,	306.615,	0.0,	0.0,	0.0,	NaN,	300.195,	0.0,	0.0,	0.0,	NaN,	299.751,	2.107
6.76067,	9.017,	8.439,	308.136,	56.366,	44.153,	306.617,	0.0,	0.0,	0.0,	NaN,	300.195,	0.0,	0.0,	0.0,	NaN,	299.747,	2.107
6.8932285,	8.413,	7.891,	308.136,	56.327,	44.134,	306.617,	0.0,	0.0,	0.0,	NaN,	300.195,	0.0,	0.0,	0.0,	NaN,	299.747,	2.107
7.0297985,	8.453,	7.954,	308.134,	56.294,	43.984,	306.617,	0.0,	0.0,	0.0,	NaN,	300.195,	0.0,	0.0,	0.0,	NaN,	299.747,	2.107
7.1550403,	9.961,	9.358,	308.134,	56.316,	43.907,	306.615,	0.0,	0.0,	0.0,	NaN,	300.199,	0.0,	0.0,	0.0,	NaN,	299.747,	2.107
7.288759,	10.07,	9.438,	308.134,	56.362,	44.01,	306.615,	0.0,	0.0,	0.0,	NaN,	300.199,	0.0,	0.0,	0.0,	NaN,	299.751,	2.107
7.424138,	9.383,	8.781,	308.134,	56.373,	44.127,	306.615,	0.0,	0.0,	0.0,	NaN,	300.199,	0.0,	0.0,	0.0,	NaN,	299.751,	2.107
7.560897,	8.479,	7.948,	308.134,	56.342,	44.149,	306.615,	0.0,	0.0,	0.0,	NaN,	300.199,	0.0,	0.0,	0.0,	NaN,	299.747,	2.107
7.689183,	8.316,	7.814,	308.134,	56.301,	44.039,	306.617,	0.0,	0.0,	0.0,	NaN,	300.199,	0.0,	0.0,	0.0,	NaN,	299.747,	2.107
7.8132577,	9.673,	9.107,	308.134,	56.298,	43.903,	306.617,	0.0,	0.0,	0.0,	NaN,	300.202,	0.0,	0.0,	0.0,	NaN,	299.747,	2.107
7.938779,	10.072,	9.444,	308.134,	56.34,	43.967,	306.617,	0.0,	0.0,	0.0,	NaN,	300.202,	0.0,	0.0,	0.0,	NaN,	299.747,	2.107
8.070502,	9.743,	9.111,	308.139,	56.365,	44.085,	306.617,	0.0,	0.0,	0.0,	NaN,	300.199,	0.0,	0.0,	0.0,	NaN,	299.747,	2.107
8.204716,	8.632,	8.084,	308.139,	56.356,	44.161,	306.62,	0.0,	0.0,	0.0,	NaN,	300.202,	0.0,	0.0,	0.0,	NaN,	299.747,	2.133
8.335501,	8.322,	7.813,	308.139,	56.316,	44.086,	306.62,	0.0,	0.0,	0.0,	NaN,	300.202,	0.0,	0.0,	0.0,	NaN,	299.747,	2.133
8.467714,	8.548,	8.056,	308.139,	56.295,	43.929,	306.62,	0.0,	0.0,	0.0,	NaN,	300.206,	0.0,	0.0,	0.0,	NaN,	299.751,	2.133
8.598048,	10.046,	9.426,	308.136,	56.32,	43.931,	306.62,	0.0,	0.0,	0.0,	NaN,	300.202,	0.0,	0.0,	0.0,	NaN,	299.751,	2.133
8.733189,	9.937,	9.302,	308.136,	56.356,	44.055,	306.617,	0.0,	0.0,	0.0,	NaN,	300.202,	0.0,	0.0,	0.0,	NaN,	299.751,	2.133
8.882004,	8.759,	8.2,	308.136,	56.362,	44.159,	306.617,	0.0,	0.0,	0.0,	NaN,	300.206,	0.0,	0.0,	0.0,	NaN,	299.747,	2.133
9.012928,	8.331,	7.82,	308.136,	56.326,	44.096,	306.617,	0.0,	0.0,	0.0,	NaN,	300.209,	0.0,	0.0,	0.0,	NaN,	299.751,	2.133
9.140906,	8.626,	7.969,	308.134,	56.292,	43.938,	306.617,	0.0,	0.0,	0.0,	NaN,	300.206,	0.0,	0.0,	0.0,	NaN,	299.751,	2.133
9.270807,	10.032,	9.415,	308.134,	56.308,	43.922,	306.62,	0.0,	0.0,	0.0,	NaN,	300.206,	0.0,	0.0,	0.0,	NaN,	299.751,	2.133
9.4380245,	9.759,	9.126,	308.134,	56.361,	44.082,	306.62,	0.0,	0.0,	0.0,	NaN,	300.206,	0.0,	0.0,	0.0,	NaN,	299.747,	2.133
9.572403,	8.718,	8.162,	308.134,	56.367,	44.161,	306.62,	0.0,	0.0,	0.0,	NaN,	300.206,	0.0,	0.0,	0.0,	NaN,	299.747,	2.133
9.70347,	8.343,	7.83,	308.134,	56.34,	44.105,	306.62,	0.0,	0.0,	0.0,	NaN,	300.206,	0.0,	0.0,	0.0,	NaN,	299.751,	2.133
9.832642,	8.516,	8.024,	308.134,	56.295,	43.946,	306.622,	0.0,	0.0,	0.0,	NaN,	300.209,	0.0,	0.0,	0.0,	NaN,	299.751,	2.095
9.95971,	10.016,	9.403,	308.134,	56.298,	43.916,	306.622,	0.0,	0.0,	0.0,	NaN,	300.206,	0.0,	0.0,	0.0,	NaN,	299.747,	2.094
10.08887,	10.0,	9.366,	308.139,	56.341,	44.035,	306.622,	0.0,	0.0,	0.0,	NaN,	300.209,	0.0,	0.0,	0.0,	NaN,	299.744,	2.095
10.221263,	8.987,	8.411,	308.139,	56.366,	44.149,	306.622,	0.0,	0.0,	0.0,	NaN,	300.206,	0.0,	0.0,	0.0,	NaN,	299.747,	2.095
10.353935,	8.392,	7.871,	308.139,	56.353,	44.126,	306.62,	0.0,	0.0,	0.0,	NaN,	300.209,	0.0,	0.0,	0.0,	NaN,	299.744,	2.095
10.487158,	8.369,	7.872,	308.139,	56.308,	44.002,	306.62,	0.0,	0.0,	0.0,	NaN,	300.209,	0.0,	0.0,	0.0,	NaN,	299.74,	2.095
10.615013,	9.879,	9.286,	308.136,	56.291,	43.899,	306.62,	0.0,	0.0,	0.0,	NaN,	300.209,	0.0,	0.0,	0.0,	NaN,	299.74,	2.095
10.740978,	10.059,	9.429,	308.136,	56.321,	43.991,	306.62,	0.0,	0.0,	0.0,	NaN,	300.209,	0.0,	0.0,	0.0,	NaN,	299.74,	2.095
10.871474,	9.351,	8.75,	308.136,	56.357,	44.121,	306.622,	0.0,	0.0,	0.0,	NaN,	300.209,	0.0,	0.0,	0.0,	NaN,	299.737,	2.095
11.004867,	8.51,	7.975,	308.136,	56.362,	44.147,	306.622,	0.0,	0.0,	0.0,	NaN,	300.206,	0.0,	0.0,	0.0,	NaN,	299.74,	2.095
11.141069,	8.295,	7.793,	308.139,	56.34,	44.05,	306.622,	0.0,	0.0,	0.0,	NaN,	300.209,	0.0,	0.0,	0.0,	NaN,	299.737,	2.095
11.264917,	9.497,	8.956,	308.139,	56.296,	43.901,	306.622,	0.0,	0.0,	0.0,	NaN,	300.209,	0.0,	0.0,	0.0,	NaN,	299.737,	2.095
11.398739,	10.054,	9.429,	308.139,	56.302,	43.949,	306.62,	0.0,	0.0,	0.0,	NaN,	300.209,	0.0,	0.0,	0.0,	NaN,	299.733,	2.095
11.523728,	9.856,	9.221,	308.139,	56.339,	44.066,	306.62,	0.0,	0.0,	0.0,	NaN,	300.209,	0.0,	0.0,	0.0,	NaN,	299.737,	2.095
11.651864,	8.78,	8.22,	308.136,	56.364,	44.155,	306.62,	0.0,	0.0,	0.0,	NaN,	300.209,	0.0,	0.0,	0.0,	NaN,	299.733,	2.132
11.795129,	8.308,	7.801,	308.136,	56.348,	44.078,	306.62,	0.0,	0.0,	0.0,	NaN,	300.209,	0.0,	0.0,	0.0,	NaN,	299.733,	2.132
11.921925,	8.556,	8.066,	308.136,	56.3,	43.92,	306.617,	0.0,	0.0,	0.0,	NaN,	300.209,	0.0,	0.0,	0.0,	NaN,	299.733,	2.132
12.053929,	10.036,	9.417,	308.136,	56.294,	43.923,	306.617,	0.0,	0.0,	0.0,	NaN,	300.209,	0.0,	0.0,	0.0,	NaN,	299.733,	2.132
12.199191,	9.914,	9.28,	308.134,	56.33,	44.056,	306.617,	0.0,	0.0,	0.0,	NaN,	300.209,	0.0,	0.0,	0.0,	NaN,	299.733,	2.132
12.329477,	8.834,	8.27,	308.134,	56.365,	44.15,	306.62,	0.0,	0.0,	0.0,	NaN,	300.209,	0.0,	0.0,	0.0,	NaN,	299.737,	2.132
12.467501,	8.344,	7.831,	308.134,	56.359,	44.103,	306.62,	0.0,	0.0,	0.0,	NaN,	300.209,	0.0,	0.0,	0.0,	NaN,	299.737,	2.132
12.596914,	8.47,	7.975,	308.134,	56.315,	43.946,	306.62,	0.0,	0.0,	0.0,	NaN,	300.206,	0.0,	0.0,	0.0,	NaN,	299.733,	2.132
12.721378,	9.96,	9.356,	308.139,	56.29,	43.9,	306.62,	0.0,	0.0,	0.0,	NaN,	300.209,	0.0,	0.0,	0.0,	NaN,	299.733,	2.132
12.852407,	10.005,	9.372,	308.139,	56.312,	44.021,	306.622,	0.0,	0.0,	0.0,	NaN,	300.206,	0.0,	0.0,	0.0,	NaN,	299.733,	2.132
13.015191,	8.896,	8.327,	308.139,	56.358,	44.149,	306.622,	0.0,	0.0,	0.0,	NaN,	300.206,	0.0,	0.0,	0.0,	NaN,	299.737,	2.132
13.150824,	8.359,	7.843,	308.139,	56.363,	44.11,	306.622,	0.0,	0.0,	0.0,	NaN,	300.202,	0.0,	0.0,	0.0,	NaN,	299.733,	2.132
13.28206,	8.526,	8.035,	308.136,	56.324,	43.958,	306.622,	0.0,	0.0,	0.0,	NaN,	300.202,	0.0,	0.0,	0.0,	NaN,	299.737,	2.091
13.416473,	9.979,	9.372,	308.136,	56.289,	43.903,	306.624,	0.0,	0.0,	0.0,	NaN,	300.202,	0.0,	0.0,	0.0,	NaN,	299.74,	2.091
13.54819,	10.026,	9.393,	308.136,	56.308,	44.009,	306.624,	0.0,	0.0,	0.0,	NaN,	300.202,	0.0,	0.0,	0.0,	NaN,	299.74,	2.09
13.678815,	9.093,	8.51,	308.136,	56.342,	44.13,	306.624,	0.0,	0.0,	0.0,	NaN,	300.202,	0.0,	0.0,	0.0,	NaN,	299.737,	2.09
13.807396,	8.419,	7.895,	308.134,	56.362,	44.127,	306.624,	0.0,	0.0,	0.0,	NaN,	300.202,	0.0,	0.0,	0.0,	NaN,	299.74,	2.09
13.943929,	8.37,	7.874,	308.134,	56.339,	43.99,	306.626,	0.0,	0.0,	0.0,	NaN,	300.202,	0.0,	0.0,	0.0,	NaN,	299.74,	2.091
14.0709915,	9.882,	9.289,	308.134,	56.293,	43.889,	306.626,	0.0,	0.0,	0.0,	NaN,	300.202,	0.0,	0.0,	0.0,	NaN,	299.74,	2.09
14.206984,	10.052,	9.424,	308.134,	56.29,	43.965,	306.626,	0.0,	0.0,	0.0,	NaN,	300.202,	0.0,	0.0,	0.0,	NaN,	299.744,	2.091
14.342411,	9.324,	8.726,	308.139,	56.332,	44.115,	306.626,	0.0,	0.0,	0.0,	NaN,	300.199,	0.0,	0.0,	0.0,	NaN,	299.74,	2.091
14.478642,	8.496,	7.962,	308.139,	56.36,	44.139,	306.628,	0.0,	0.0,	0.0,	NaN,	300.202,	0.0,	0.0,	0.0,	NaN,	299.74,	2.09
14.612542,	8.299,	7.801,	308.139,	56.353,	44.018,	306.628,	0.0,	0.0,	0.0,	NaN,	300.199,	0.0,	0.0,	0.0,	NaN,	299.74,	2.091
14.738208,	9.516,	8.972,	308.139,	56.312,	43.895,	306.628,	0.0,	0.0,	0.0,	NaN,	300.199,	0.0,	0.0,	0.0,	NaN,	299.74,	2.091
14.863686,	10.046,	9.421,	308.145,	56.288,	43.94,	306.628,	0.0,	0.0,	0.0,	NaN,	300.199,	0.0,	0.0,	0.0,	NaN,	299.74,	2.09
14.98922,	9.683,	9.055,	308.145,	56.312,	44.073,	306.63,	0.0,	0.0,	0.0,	NaN,	300.199,	0.0,	0.0,	0.0,	NaN,	299.744,	2.139
15.139824,	8.594,	8.049,	308.145,	56.353,	44.146,	306.63,	0.0,	0.0,	0.0,	NaN,	300.202,	0.0,	0.0,	0.0,	NaN,	299.744,	2.139
15.280739,	8.292,	7.788,	308.143,	56.363,	44.05,	306.63,	0.0,	0.0,	0.0,	NaN,	300.202,	0.0,	0.0,	0.0,	NaN,	299.744,	2.139
15.408645,	9.394,	8.866,	308.143,	56.323,	43.895,	306.63,	0.0,	0.0,	0.0,	NaN,	300.199,	0.0,	0.0,	0.0,	NaN,	299.744,	2.139
15.540111,	10.055,	9.429,	308.143,	56.287,	43.929,	306.633,	0.0,	0.0,	0.0,	NaN,	300.202,	0.0,	0.0,	0.0,	NaN,	299.747,	2.139
15.669817,	9.916,	9.277,	308.143,	56.298,	44.041,	306.633,	0.0,	0.0,	0.0,	NaN,	300.202,	0.0,	0.0,	0.0,	NaN,	299.747,	2.139
15.806566,	8.75,	8.188,	308.149,	56.34,	44.142,	306.633,	0.0,	0.0,	0.0,	NaN,	300.202,	0.0,	0.0,	0.0,	NaN,	299.747,	2.139
15.937207,	8.369,	7.849,	308.149,	56.365,	44.093,	306.633,	0.0,	0.0,	0.0,	NaN,	300.202,	0.0,	0.0,	0.0,	NaN,	299.744,	2.139
16.06649,	8.512,	8.01,	308.149,	56.342,	43.935,	306.63,	0.0,	0.0,	0.0,	NaN,	300.206,	0.0,	0.0,	0.0,	NaN,	299.747,	2.139
16.19306,	9.997,	9.386,	308.149,	56.3,	43.891,	306.63,	0.0,	0.0,	0.0,	NaN,	300.202,	0.0,	0.0,	0.0,	NaN,	299.747,	2.139
16.31835,	10.075,	9.436,	308.147,	56.285,	43.996,	306.63,	0.0,	0.0,	0.0,	NaN,	300.206,	0.0,	0.0,	0.0,	NaN,	299.747,	2.139
16.475763,	8.934,	8.356,	308.147,	56.324,	44.138,	306.628,	0.0,	0.0,	0.0,	NaN,	300.206,	0.0,	0.0,	0.0,	NaN,	299.747,	2.139
16.607563,	8.413,	7.886,	308.147,	56.362,	44.099,	306.628,	0.0,	0.0,	0.0,	NaN,	300.206,	0.0,	0.0,	0.0,	NaN,	299.747,	2.139
16.743605,	8.596,	8.094,	308.147,	56.348,	43.945,	306.628,	0.0,	0.0,	0.0,	NaN,	300.206,	0.0,	0.0,	0.0,	NaN,	299.747,	2.083
16.871681,	10.039,	9.422,	308.149,	56.304,	43.889,	306.628,	0.0,	0.0,	0.0,	NaN,	300.206,	0.0,	0.0,	0.0,	NaN,	299.747,	2.083
17.005112,	10.092,	9.449,	308.149,	56.283,	44.001,	306.626,	0.0,	0.0,	0.0,	NaN,	300.209,	0.0,	0.0,	0.0,	NaN,	299.747,	2.083
17.144245,	9.158,	8.562,	308.149,	56.31,	44.122,	306.626,	0.0,	0.0,	0.0,	NaN,	300.206,	0.0,	0.0,	0.0,	NaN,	299.747,	2.083
17.28127,	8.498,	7.959,	308.149,	56.35,	44.119,	306.626,	0.0,	0.0,	0.0,	NaN,	300.206,	0.0,	0.0,	0.0,	NaN,	299.747,	2.083
17.413847,	8.455,	7.942,	308.147,	56.355,	43.975,	306.626,	0.0,	0.0,	0.0,	NaN,	300.209,	0.0,	0.0,	0.0,	NaN,	299.747,	2.083
17.544243,	9.96,	9.354,	308.147,	56.322,	43.878,	306.624,	0.0,	0.0,	0.0,	NaN,	300.206,	0.0,	0.0,	0.0,	NaN,	299.747,	2.083
17.675524,	10.145,	9.502,	308.147,	56.285,	43.972,	306.624,	0.0,	0.0,	0.0,	NaN,	300.206,	0.0,	0.0,	0.0,	NaN,	299.751,	2.083
17.811766,	9.416,	8.802,	308.147,	56.293,	44.102,	306.624,	0.0,	0.0,	0.0,	NaN,	300.202,	0.0,	0.0,	0.0,	NaN,	299.751,	2.084
17.94851,	8.603,	8.05,	308.149,	56.34,	44.128,	306.624,	0.0,	0.0,	0.0,	NaN,	300.206,	0.0,	0.0,	0.0,	NaN,	299.751,	2.083
18.078533,	8.407,	7.888,	308.149,	56.355,	44.003,	306.622,	0.0,	0.0,	0.0,	NaN,	300.206,	0.0,	0.0,	0.0,	NaN,	299.747,	2.083
18.21377,	9.794,	9.207,	308.149,	56.332,	43.875,	306.622,	0.0,	0.0,	0.0,	NaN,	300.202,	0.0,	0.0,	0.0,	NaN,	299.751,	2.084
18.348816,	10.172,	9.529,	308.149,	56.286,	43.944,	306.622,	0.0,	0.0,	0.0,	NaN,	300.206,	0.0,	0.0,	0.0,	NaN,	299.751,	2.083
18.484272,	9.655,	9.023,	308.152,	56.287,	44.08,	306.622,	0.0,	0.0,	0.0,	NaN,	300.202,	0.0,	0.0,	0.0,	NaN,	299.751,	2.158
18.61967,	8.728,	8.161,	308.152,	56.325,	44.131,	306.624,	0.0,	0.0,	0.0,	NaN,	300.202,	0.0,	0.0,	0.0,	NaN,	299.751,	2.158
18.753572,	8.422,	7.898,	308.152,	56.356,	44.014,	306.624,	0.0,	0.0,	0.0,	NaN,	300.202,	0.0,	0.0,	0.0,	NaN,	299.751,	2.159
18.89812,	9.714,	9.137,	308.154,	56.343,	43.873,	306.624,	0.0,	0.0,	0.0,	NaN,	300.202,	0.0,	0.0,	0.0,	NaN,	299.747,	2.158
19.028637,	10.197,	9.552,	308.154,	56.294,	43.933,	306.624,	0.0,	0.0,	0.0,	NaN,	300.202,	0.0,	0.0,	0.0,	NaN,	299.747,	2.158
19.15702,	9.926,	9.272,	308.154,	56.281,	44.05,	306.622,	0.0,	0.0,	0.0,	NaN,	300.202,	0.0,	0.0,	0.0,	NaN,	299.747,	2.158
19.29052,	8.799,	8.224,	308.154,	56.313,	44.129,	306.622,	0.0,	0.0,	0.0,	NaN,	300.202,	0.0,	0.0,	0.0,	NaN,	299.744,	2.158
19.425571,	8.451,	7.918,	308.156,	56.348,	44.043,	306.622,	0.0,	0.0,	0.0,	NaN,	300.202,	0.0,	0.0,	0.0,	NaN,	299.747,	2.158
19.564049,	9.385,	8.849,	308.156,	56.353,	43.888,	306.62,	0.0,	0.0,	0.0,	NaN,	300.199,	0.0,	0.0,	0.0,	NaN,	299.747,	2.158
19.699701,	10.211,	9.568,	308.156,	56.306,	43.905,	306.62,	0.0,	0.0,	0.0,	NaN,	300.202,	0.0,	0.0,	0.0,	NaN,	299.744,	2.158
19.834019,	10.037,	9.378,	308.156,	56.277,	44.034,	306.62,	0.0,	0.0,	0.0,	NaN,	300.202,	0.0,	0.0,	0.0,	NaN,	299.747,	2.158
19.965271,	8.967,	8.376,	308.154,	56.297,	44.129,	306.62,	0.0,	0.0,	0.0,	NaN,	300.202,	0.0,	0.0,	0.0,	NaN,	299.747,	2.158
20.095926,	8.511,	7.967,	308.154,	56.338,	44.07,	306.622,	0.0,	0.0,	0.0,	NaN,	300.202,	0.0,	0.0,	0.0,	NaN,	299.747,	2.159
20.225348,	8.72,	8.2,	308.154,	56.354,	43.929,	306.622,	0.0,	0.0,	0.0,	NaN,	300.199,	0.0,	0.0,	0.0,	NaN,	299.744,	2.115
20.356897,	10.213,	9.574,	308.154,	56.336,	43.884,	306.622,	0.0,	0.0,	0.0,	NaN,	300.199,	0.0,	0.0,	0.0,	NaN,	299.744,	2.115
20.49835,	10.198,	9.538,	308.156,	56.282,	44.004,	306.622,	0.0,	0.0,	0.0,	NaN,	300.195,	0.0,	0.0,	0.0,	NaN,	299.74,	2.115
20.626757,	9.299,	8.684,	308.156,	56.281,	44.108,	306.62,	0.0,	0.0,	0.0,	NaN,	300.195,	0.0,	0.0,	0.0,	NaN,	299.74,	2.115
20.759819,	8.591,	8.036,	308.156,	56.32,	44.085,	306.62,	0.0,	0.0,	0.0,	NaN,	300.195,	0.0,	0.0,	0.0,	NaN,	299.744,	2.115
20.895016,	8.663,	8.133,	308.156,	56.35,	43.935,	306.62,	0.0,	0.0,	0.0,	NaN,	300.195,	0.0,	0.0,	0.0,	NaN,	299.744,	2.115
21.023691,	10.175,	9.544,	308.158,	56.341,	43.867,	306.62,	0.0,	0.0,	0.0,	NaN,	300.195,	0.0,	0.0,	0.0,	NaN,	299.744,	2.115
21.170893,	10.288,	9.627,	308.158,	56.293,	43.973,	306.617,	0.0,	0.0,	0.0,	NaN,	300.192,	0.0,	0.0,	0.0,	NaN,	299.74,	2.115
21.307379,	9.274,	8.659,	308.158,	56.279,	44.108,	306.617,	0.0,	0.0,	0.0,	NaN,	300.199,	0.0,	0.0,	0.0,	NaN,	299.744,	2.116
21.442875,	8.643,	8.081,	308.158,	56.309,	44.088,	306.617,	0.0,	0.0,	0.0,	NaN,	300.192,	0.0,	0.0,	0.0,	NaN,	299.744,	2.115
21.571903,	8.635,	8.099,	308.156,	56.351,	43.948,	306.617,	0.0,	0.0,	0.0,	NaN,	300.195,	0.0,	0.0,	0.0,	NaN,	299.747,	2.116
21.706322,	10.162,	9.533,	308.156,	56.341,	43.859,	306.62,	0.0,	0.0,	0.0,	NaN,	300.195,	0.0,	0.0,	0.0,	NaN,	299.744,	2.115
21.849483,	10.327,	9.665,	308.156,	56.302,	43.958,	306.62,	0.0,	0.0,	0.0,	NaN,	300.195,	0.0,	0.0,	0.0,	NaN,	299.744,	2.211
21.985641,	9.53,	8.897,	308.158,	56.28,	44.089,	306.62,	0.0,	0.0,	0.0,	NaN,	300.195,	0.0,	0.0,	0.0,	NaN,	299.744,	2.211
22.12128,	8.745,	8.171,	308.158,	56.298,	44.102,	306.62,	0.0,	0.0,	0.0,	NaN,	300.199,	0.0,	0.0,	0.0,	NaN,	299.744,	2.211
22.252186,	8.57,	8.029,	308.158,	56.337,	43.973,	306.622,	0.0,	0.0,	0.0,	NaN,	300.199,	0.0,	0.0,	0.0,	NaN,	299.747,	2.211
22.388847,	10.137,	9.512,	308.158,	56.349,	43.85,	306.622,	0.0,	0.0,	0.0,	NaN,	300.195,	0.0,	0.0,	0.0,	NaN,	299.744,	2.211
22.528427,	10.357,	9.695,	308.156,	56.334,	43.928,	306.622,	0.0,	0.0,	0.0,	NaN,	300.195,	0.0,	0.0,	0.0,	NaN,	299.747,	2.211
22.660622,	9.781,	9.133,	308.156,	56.277,	44.065,	306.622,	0.0,	0.0,	0.0,	NaN,	300.199,	0.0,	0.0,	0.0,	NaN,	299.744,	2.211
22.786598,	8.869,	8.281,	308.156,	56.288,	44.106,	306.62,	0.0,	0.0,	0.0,	NaN,	300.199,	0.0,	0.0,	0.0,	NaN,	299.747,	2.211
22.915737,	8.573,	8.025,	308.156,	56.325,	44.004,	306.62,	0.0,	0.0,	0.0,	NaN,	300.202,	0.0,	0.0,	0.0,	NaN,	299.747,	2.211
23.04821,	9.759,	9.18,	308.158,	56.352,	43.854,	306.62,	0.0,	0.0,	0.0,	NaN,	300.199,	0.0,	0.0,	0.0,	NaN,	299.747,	2.211
23.201008,	10.382,	9.72,	308.158,	56.328,	43.916,	306.622,	0.0,	0.0,	0.0,	NaN,	300.202,	0.0,	0.0,	0.0,	NaN,	299.747,	2.211
23.340002,	9.887,	9.229,	308.158,	56.287,	44.05,	306.622,	0.0,	0.0,	0.0,	NaN,	300.199,	0.0,	0.0,	0.0,	NaN,	299.751,	2.211
23.468807,	8.938,	8.342,	308.158,	56.279,	44.104,	306.622,	0.0,	0.0,	0.0,	NaN,	300.202,	0.0,	0.0,	0.0,	NaN,	299.744,	2.211
23.606083,	8.602,	8.048,	308.156,	56.318,	44.008,	306.622,	0.0,	0.0,	0.0,	NaN,	300.202,	0.0,	0.0,	0.0,	NaN,	299.747,	2.168
23.738932,	9.645,	9.08,	308.156,	56.351,	43.858,	306.624,	0.0,	0.0,	0.0,	NaN,	300.202,	0.0,	0.0,	0.0,	NaN,	299.747,	2.168
23.868654,	10.395,	9.734,	308.156,	56.338,	43.887,	306.624,	0.0,	0.0,	0.0,	NaN,	300.202,	0.0,	0.0,	0.0,	NaN,	299.747,	2.168
23.99871,	10.161,	9.484,	308.156,	56.291,	44.017,	306.624,	0.0,	0.0,	0.0,	NaN,	300.202,	0.0,	0.0,	0.0,	NaN,	299.747,	2.168
24.128101,	9.197,	8.581,	308.158,	56.273,	44.1,	306.624,	0.0,	0.0,	0.0,	NaN,	300.202,	0.0,	0.0,	0.0,	NaN,	299.744,	2.168
24.25263,	8.684,	8.116,	308.158,	56.294,	44.05,	306.622,	0.0,	0.0,	0.0,	NaN,	300.206,	0.0,	0.0,	0.0,	NaN,	299.744,	2.168
24.38366,	8.788,	8.242,	308.158,	56.338,	43.897,	306.622,	0.0,	0.0,	0.0,	NaN,	300.202,	0.0,	0.0,	0.0,	NaN,	299.744,	2.168
24.511484,	10.363,	9.712,	308.158,	56.35,	43.854,	306.622,	0.0,	0.0,	0.0,	NaN,	300.206,	0.0,	0.0,	0.0,	NaN,	299.747,	2.168
24.640606,	10.436,	9.762,	308.16,	56.325,	43.951,	306.622,	0.0,	0.0,	0.0,	NaN,	300.206,	0.0,	0.0,	0.0,	NaN,	299.744,	2.168
24.768415,	9.551,	8.912,	308.16,	56.277,	44.076,	306.624,	0.0,	0.0,	0.0,	NaN,	300.206,	0.0,	0.0,	0.0,	NaN,	299.747,	2.168
24.905384,	8.82,	8.235,	308.16,	56.279,	44.076,	306.624,	0.0,	0.0,	0.0,	NaN,	300.209,	0.0,	0.0,	0.0,	NaN,	299.744,	2.168
25.041744,	8.692,	8.139,	308.16,	56.32,	43.942,	306.624,	0.0,	0.0,	0.0,	NaN,	300.206,	0.0,	0.0,	0.0,	NaN,	299.747,	2.168
25.169151,	10.208,	9.578,	308.158,	56.347,	43.834,	306.624,	0.0,	0.0,	0.0,	NaN,	300.209,	0.0,	0.0,	0.0,	NaN,	299.744,	2.169
25.30151,	10.477,	9.805,	308.158,	56.339,	43.92,	306.626,	0.0,	0.0,	0.0,	NaN,	300.209,	0.0,	0.0,	0.0,	NaN,	299.747,	2.271
25.431654,	9.815,	9.161,	308.158,	56.289,	44.051,	306.626,	0.0,	0.0,	0.0,	NaN,	300.209,	0.0,	0.0,	0.0,	NaN,	299.747,	2.272
25.561464,	8.936,	8.339,	308.158,	56.272,	44.085,	306.626,	0.0,	0.0,	0.0,	NaN,	300.209,	0.0,	0.0,	0.0,	NaN,	299.751,	2.272
25.692999,	8.673,	8.114,	308.156,	56.303,	43.97,	306.626,	0.0,	0.0,	0.0,	NaN,	300.209,	0.0,	0.0,	0.0,	NaN,	299.747,	2.271
25.82508,	9.993,	9.388,	308.156,	56.341,	43.829,	306.624,	0.0,	0.0,	0.0,	NaN,	300.213,	0.0,	0.0,	0.0,	NaN,	299.751,	2.272
25.962606,	10.496,	9.826,	308.156,	56.342,	43.892,	306.624,	0.0,	0.0,	0.0,	NaN,	300.213,	0.0,	0.0,	0.0,	NaN,	299.751,	2.272
26.10219,	10.054,	9.381,	308.156,	56.303,	44.024,	306.624,	0.0,	0.0,	0.0,	NaN,	300.209,	0.0,	0.0,	0.0,	NaN,	299.747,	2.272
26.235132,	9.074,	8.463,	308.158,	56.271,	44.085,	306.624,	0.0,	0.0,	0.0,	NaN,	300.209,	0.0,	0.0,	0.0,	NaN,	299.747,	2.271
26.365318,	8.703,	8.137,	308.158,	56.291,	43.993,	306.622,	0.0,	0.0,	0.0,	NaN,	300.209,	0.0,	0.0,	0.0,	NaN,	299.747,	2.272
26.506155,	9.662,	9.098,	308.158,	56.328,	43.839,	306.622,	0.0,	0.0,	0.0,	NaN,	300.209,	0.0,	0.0,	0.0,	NaN,	299.751,	2.271
26.635004,	10.506,	9.839,	308.16,	56.346,	43.861,	306.622,	0.0,	0.0,	0.0,	NaN,	300.209,	0.0,	0.0,	0.0,	NaN,	299.751,	2.272
26.7632,	10.326,	9.639,	308.16,	56.32,	43.991,	306.622,	0.0,	0.0,	0.0,	NaN,	300.209,	0.0,	0.0,	0.0,	NaN,	299.751,	2.272
26.89797,	9.243,	8.619,	308.16,	56.277,	44.08,	306.62,	0.0,	0.0,	0.0,	NaN,	300.209,	0.0,	0.0,	0.0,	NaN,	299.751,	2.271
27.027395,	8.766,	8.19,	308.16,	56.281,	44.018,	306.62,	0.0,	0.0,	0.0,	NaN,	300.209,	0.0,	0.0,	0.0,	NaN,	299.751,	2.248
27.157982,	8.982,	8.435,	308.162,	56.317,	43.859,	306.62,	0.0,	0.0,	0.0,	NaN,	300.206,	0.0,	0.0,	0.0,	NaN,	299.754,	2.248
27.30085,	10.5,	9.839,	308.162,	56.344,	43.836,	306.62,	0.0,	0.0,	0.0,	NaN,	300.209,	0.0,	0.0,	0.0,	NaN,	299.754,	2.248
27.45179,	10.423,	9.736,	308.162,	56.328,	43.974,	306.617,	0.0,	0.0,	0.0,	NaN,	300.209,	0.0,	0.0,	0.0,	NaN,	299.754,	2.248
27.588793,	9.331,	8.701,	308.162,	56.281,	44.07,	306.617,	0.0,	0.0,	0.0,	NaN,	300.209,	0.0,	0.0,	0.0,	NaN,	299.754,	2.248
27.715317,	8.809,	8.228,	308.165,	56.274,	44.019,	306.617,	0.0,	0.0,	0.0,	NaN,	300.209,	0.0,	0.0,	0.0,	NaN,	299.754,	2.248
27.843548,	8.913,	8.357,	308.165,	56.302,	43.861,	306.62,	0.0,	0.0,	0.0,	NaN,	300.209,	0.0,	0.0,	0.0,	NaN,	299.754,	2.248
27.97853,	10.508,	9.849,	308.165,	56.345,	43.825,	306.62,	0.0,	0.0,	0.0,	NaN,	300.209,	0.0,	0.0,	0.0,	NaN,	299.754,	2.248
28.112553,	10.583,	9.901,	308.165,	56.342,	43.923,	306.62,	0.0,	0.0,	0.0,	NaN,	300.209,	0.0,	0.0,	0.0,	NaN,	299.754,	2.248
28.242,	9.688,	9.037,	308.167,	56.304,	44.048,	306.62,	0.0,	0.0,	0.0,	NaN,	300.213,	0.0,	0.0,	0.0,	NaN,	299.754,	2.248
28.368156,	8.949,	8.352,	308.167,	56.274,	44.047,	306.622,	0.0,	0.0,	0.0,	NaN,	300.209,	0.0,	0.0,	0.0,	NaN,	299.754,	2.248
28.503551,	8.813,	8.25,	308.167,	56.285,	43.91,	306.622,	0.0,	0.0,	0.0,	NaN,	300.209,	0.0,	0.0,	0.0,	NaN,	299.758,	2.248
28.627497,	10.346,	9.709,	308.167,	56.328,	43.804,	306.622,	0.0,	0.0,	0.0,	NaN,	300.213,	0.0,	0.0,	0.0,	NaN,	299.754,	2.248
28.788658,	10.62,	9.938,	308.165,	56.342,	43.907,	306.622,	0.0,	0.0,	0.0,	NaN,	300.209,	0.0,	0.0,	0.0,	NaN,	299.758,	2.336
28.918823,	9.806,	9.148,	308.165,	56.312,	44.035,	306.62,	0.0,	0.0,	0.0,	NaN,	300.213,	0.0,	0.0,	0.0,	NaN,	299.754,	2.336
29.045313,	9.068,	8.459,	308.165,	56.278,	44.056,	306.62,	0.0,	0.0,	0.0,	NaN,	300.209,	0.0,	0.0,	0.0,	NaN,	299.754,	2.336
29.181793,	8.812,	8.246,	308.165,	56.276,	43.92,	306.62,	0.0,	0.0,	0.0,	NaN,	300.209,	0.0,	0.0,	0.0,	NaN,	299.754,	2.336
29.31845,	10.289,	9.659,	308.167,	56.315,	43.798,	306.62,	0.0,	0.0,	0.0,	NaN,	300.206,	0.0,	0.0,	0.0,	NaN,	299.758,	2.336
29.459167,	10.65,	9.968,	308.167,	56.344,	43.892,	306.622,	0.0,	0.0,	0.0,	NaN,	300.209,	0.0,	0.0,	0.0,	NaN,	299.754,	2.336
29.59545,	9.923,	9.261,	308.167,	56.333,	44.021,	306.622,	0.0,	0.0,	0.0,	NaN,	300.206,	0.0,	0.0,	0.0,	NaN,	299.758,	2.336
29.730995,	9.068,	8.46,	308.165,	56.274,	44.047,	306.622,	0.0,	0.0,	0.0,	NaN,	300.209,	0.0,	0.0,	0.0,	NaN,	299.754,	2.336
29.860338,	8.82,	8.25,	308.165,	56.269,	43.928,	306.622,	0.0,	0.0,	0.0,	NaN,	300.206,	0.0,	0.0,	0.0,	NaN,	299.754,	2.337
29.993664,	10.218,	9.597,	308.165,	56.303,	43.792,	306.62,	0.0,	0.0,	0.0,	NaN,	300.206,	0.0,	0.0,	0.0,	NaN,	299.754,	2.336
30.128973,	10.668,	9.989,	308.165,	56.338,	43.863,	306.62,	0.0,	0.0,	0.0,	NaN,	300.206,	0.0,	0.0,	0.0,	NaN,	299.754,	2.336
30.263195,	10.16,	9.484,	308.162,	56.33,	43.997,	306.62,	0.0,	0.0,	0.0,	NaN,	300.206,	0.0,	0.0,	0.0,	NaN,	299.754,	2.336
30.40554,	9.202,	8.582,	308.162,	56.286,	44.047,	306.62,	0.0,	0.0,	0.0,	NaN,	300.206,	0.0,	0.0,	0.0,	NaN,	299.754,	2.322
30.546923,	8.841,	8.265,	308.162,	56.261,	43.949,	306.622,	0.0,	0.0,	0.0,	NaN,	300.202,	0.0,	0.0,	0.0,	NaN,	299.758,	2.319
30.673096,	9.913,	9.331,	308.162,	56.289,	43.797,	306.622,	0.0,	0.0,	0.0,	NaN,	300.206,	0.0,	0.0,	0.0,	NaN,	299.758,	2.319
30.808506,	10.69,	10.012,	308.16,	56.335,	43.847,	306.622,	0.0,	0.0,	0.0,	NaN,	300.202,	0.0,	0.0,	0.0,	NaN,	299.758,	2.32
30.943502,	10.271,	9.587,	308.16,	56.336,	43.98,	306.624,	0.0,	0.0,	0.0,	NaN,	300.202,	0.0,	0.0,	0.0,	NaN,	299.758,	2.32
31.082159,	9.276,	8.65,	308.16,	56.297,	44.046,	306.624,	0.0,	0.0,	0.0,	NaN,	300.202,	0.0,	0.0,	0.0,	NaN,	299.761,	2.319
31.213522,	8.875,	8.294,	308.16,	56.264,	43.956,	306.624,	0.0,	0.0,	0.0,	NaN,	300.202,	0.0,	0.0,	0.0,	NaN,	299.758,	2.319
31.362762,	10.029,	9.435,	308.162,	56.287,	43.79,	306.624,	0.0,	0.0,	0.0,	NaN,	300.202,	0.0,	0.0,	0.0,	NaN,	299.761,	2.319
31.49603,	10.692,	10.02,	308.162,	56.32,	43.818,	306.626,	0.0,	0.0,	0.0,	NaN,	300.202,	0.0,	0.0,	0.0,	NaN,	299.758,	2.319
31.625277,	10.541,	9.846,	308.162,	56.341,	43.949,	306.626,	0.0,	0.0,	0.0,	NaN,	300.206,	0.0,	0.0,	0.0,	NaN,	299.765,	2.319
31.754274,	9.447,	8.81,	308.162,	56.311,	44.038,	306.626,	0.0,	0.0,	0.0,	NaN,	300.202,	0.0,	0.0,	0.0,	NaN,	299.761,	2.319
31.882515,	8.942,	8.352,	308.16,	56.264,	43.974,	306.626,	0.0,	0.0,	0.0,	NaN,	300.206,	0.0,	0.0,	0.0,	NaN,	299.761,	2.319
32.009983,	9.114,	8.554,	308.16,	56.268,	43.818,	306.628,	0.0,	0.0,	0.0,	NaN,	300.206,	0.0,	0.0,	0.0,	NaN,	299.761,	2.319
32.14434,	10.678,	10.012,	308.16,	56.306,	43.796,	306.628,	0.0,	0.0,	0.0,	NaN,	300.206,	0.0,	0.0,	0.0,	NaN,	299.761,	2.388
32.282574,	10.697,	10.006,	308.16,	56.337,	43.915,	306.628,	0.0,	0.0,	0.0,	NaN,	300.206,	0.0,	0.0,	0.0,	NaN,	299.765,	2.388
32.412205,	9.786,	9.13,	308.158,	56.328,	44.017,	306.628,	0.0,	0.0,	0.0,	NaN,	300.206,	0.0,	0.0,	0.0,	NaN,	299.761,	2.388
32.54327,	9.029,	8.43,	308.158,	56.279,	43.996,	306.626,	0.0,	0.0,	0.0,	NaN,	300.206,	0.0,	0.0,	0.0,	NaN,	299.761,	2.388
32.679436,	9.055,	8.487,	308.158,	56.26,	43.843,	306.626,	0.0,	0.0,	0.0,	NaN,	300.206,	0.0,	0.0,	0.0,	NaN,	299.761,	2.388
32.814705,	10.624,	9.969,	308.158,	56.29,	43.777,	306.626,	0.0,	0.0,	0.0,	NaN,	300.206,	0.0,	0.0,	0.0,	NaN,	299.761,	2.388
32.94502,	10.777,	10.089,	308.16,	56.334,	43.88,	306.626,	0.0,	0.0,	0.0,	NaN,	300.206,	0.0,	0.0,	0.0,	NaN,	299.761,	2.388
33.07887,	10.048,	9.38,	308.16,	56.336,	43.995,	306.628,	0.0,	0.0,	0.0,	NaN,	300.206,	0.0,	0.0,	0.0,	NaN,	299.761,	2.388
33.20942,	9.132,	8.522,	308.16,	56.293,	44.011,	306.628,	0.0,	0.0,	0.0,	NaN,	300.202,	0.0,	0.0,	0.0,	NaN,	299.761,	2.388
33.352795,	8.963,	8.389,	308.162,	56.261,	43.873,	306.628,	0.0,	0.0,	0.0,	NaN,	300.202,	0.0,	0.0,	0.0,	NaN,	299.765,	2.388
33.478233,	10.498,	9.856,	308.162,	56.281,	43.765,	306.628,	0.0,	0.0,	0.0,	NaN,	300.206,	0.0,	0.0,	0.0,	NaN,	299.765,	2.388
33.632015,	10.81,	10.122,	308.162,	56.322,	43.867,	306.63,	0.0,	0.0,	0.0,	NaN,	300.206,	0.0,	0.0,	0.0,	NaN,	299.765,	2.388
33.765022,	10.014,	9.346,	308.162,	56.341,	43.997,	306.63,	0.0,	0.0,	0.0,	NaN,	300.206,	0.0,	0.0,	0.0,	NaN,	299.765,	2.388
33.895416,	9.255,	8.633,	308.165,	56.31,	44.015,	306.63,	0.0,	0.0,	0.0,	NaN,	300.206,	0.0,	0.0,	0.0,	NaN,	299.765,	2.399
34.02391,	8.95,	8.369,	308.165,	56.266,	43.898,	306.63,	0.0,	0.0,	0.0,	NaN,	300.202,	0.0,	0.0,	0.0,	NaN,	299.765,	2.399
34.16558,	10.443,	9.809,	308.165,	56.266,	43.757,	306.633,	0.0,	0.0,	0.0,	NaN,	300.202,	0.0,	0.0,	0.0,	NaN,	299.765,	2.399
34.297745,	10.823,	10.14,	308.165,	56.305,	43.819,	306.633,	0.0,	0.0,	0.0,	NaN,	300.202,	0.0,	0.0,	0.0,	NaN,	299.765,	2.398
34.428444,	10.396,	9.706,	308.162,	56.335,	43.951,	306.633,	0.0,	0.0,	0.0,	NaN,	300.199,	0.0,	0.0,	0.0,	NaN,	299.765,	2.399
34.556866,	9.399,	8.764,	308.162,	56.326,	44.015,	306.63,	0.0,	0.0,	0.0,	NaN,	300.199,	0.0,	0.0,	0.0,	NaN,	299.765,	2.399
34.68807,	8.988,	8.4,	308.162,	56.276,	43.924,	306.63,	0.0,	0.0,	0.0,	NaN,	300.199,	0.0,	0.0,	0.0,	NaN,	299.761,	2.399
34.819614,	9.911,	9.336,	308.162,	56.257,	43.766,	306.63,	0.0,	0.0,	0.0,	NaN,	300.202,	0.0,	0.0,	0.0,	NaN,	299.765,	2.399
34.94383,	10.824,	10.146,	308.165,	56.285,	43.788,	306.63,	0.0,	0.0,	0.0,	NaN,	300.199,	0.0,	0.0,	0.0,	NaN,	299.768,	2.399
35.07844,	10.765,	10.069,	308.165,	56.321,	43.901,	306.633,	0.0,	0.0,	0.0,	NaN,	300.195,	0.0,	0.0,	0.0,	NaN,	299.765,	2.399
35.207283,	9.679,	9.027,	308.165,	56.336,	44.004,	306.633,	0.0,	0.0,	0.0,	NaN,	300.195,	0.0,	0.0,	0.0,	NaN,	299.765,	2.398
35.337086,	9.094,	8.491,	308.165,	56.299,	43.964,	306.633,	0.0,	0.0,	0.0,	NaN,	300.195,	0.0,	0.0,	0.0,	NaN,	299.761,	2.399
35.470272,	9.233,	8.669,	308.162,	56.258,	43.805,	306.633,	0.0,	0.0,	0.0,	NaN,	300.195,	0.0,	0.0,	0.0,	NaN,	299.761,	2.399
35.613914,	10.806,	10.136,	308.162,	56.273,	43.766,	306.63,	0.0,	0.0,	0.0,	NaN,	300.195,	0.0,	0.0,	0.0,	NaN,	299.761,	2.447
35.74664,	10.866,	10.172,	308.162,	56.307,	43.866,	306.63,	0.0,	0.0,	0.0,	NaN,	300.195,	0.0,	0.0,	0.0,	NaN,	299.761,	2.447
35.876377,	9.905,	9.242,	308.162,	56.339,	43.99,	306.63,	0.0,	0.0,	0.0,	NaN,	300.195,	0.0,	0.0,	0.0,	NaN,	299.761,	2.448
36.006107,	9.193,	8.578,	308.165,	56.316,	43.977,	306.63,	0.0,	0.0,	0.0,	NaN,	300.195,	0.0,	0.0,	0.0,	NaN,	299.761,	2.447
36.13465,	9.085,	8.506,	308.165,	56.268,	43.833,	306.628,	0.0,	0.0,	0.0,	NaN,	300.192,	0.0,	0.0,	0.0,	NaN,	299.758,	2.447
36.267506,	10.672,	10.021,	308.165,	56.263,	43.739,	306.628,	0.0,	0.0,	0.0,	NaN,	300.195,	0.0,	0.0,	0.0,	NaN,	299.758,	2.447
36.407215,	10.914,	10.224,	308.165,	56.294,	43.834,	306.628,	0.0,	0.0,	0.0,	NaN,	300.192,	0.0,	0.0,	0.0,	NaN,	299.758,	2.448
36.537548,	10.17,	9.494,	308.162,	56.334,	43.964,	306.628,	0.0,	0.0,	0.0,	NaN,	300.192,	0.0,	0.0,	0.0,	NaN,	299.761,	2.447
36.667877,	9.309,	8.683,	308.162,	56.332,	43.986,	306.63,	0.0,	0.0,	0.0,	NaN,	300.195,	0.0,	0.0,	0.0,	NaN,	299.758,	2.448
36.800987,	9.042,	8.457,	308.162,	56.284,	43.861,	306.63,	0.0,	0.0,	0.0,	NaN,	300.195,	0.0,	0.0,	0.0,	NaN,	299.758,	2.447
36.92855,	10.28,	9.671,	308.162,	56.257,	43.735,	306.63,	0.0,	0.0,	0.0,	NaN,	300.192,	0.0,	0.0,	0.0,	NaN,	299.758,	2.447
37.05649,	10.918,	10.233,	308.16,	56.277,	43.785,	306.63,	0.0,	0.0,	0.0,	NaN,	300.192,	0.0,	0.0,	0.0,	NaN,	299.758,	2.447
37.190372,	10.552,	9.852,	308.16,	56.32,	43.921,	306.633,	0.0,	0.0,	0.0,	NaN,	300.188,	0.0,	0.0,	0.0,	NaN,	299.761,	2.447
37.31879,	9.525,	8.881,	308.16,	56.337,	43.988,	306.633,	0.0,	0.0,	0.0,	NaN,	300.188,	0.0,	0.0,	0.0,	NaN,	299.761,	2.491
37.45186,	9.082,	8.484,	308.16,	56.305,	43.905,	306.633,	0.0,	0.0,	0.0,	NaN,	300.185,	0.0,	0.0,	0.0,	NaN,	299.761,	2.491
37.577065,	9.338,	8.608,	308.162,	56.266,	43.764,	306.633,	0.0,	0.0,	0.0,	NaN,	300.188,	0.0,	0.0,	0.0,	NaN,	299.761,	2.491
37.70265,	10.885,	10.212,	308.162,	56.262,	43.748,	306.635,	0.0,	0.0,	0.0,	NaN,	300.188,	0.0,	0.0,	0.0,	NaN,	299.761,	2.491
37.83863,	10.885,	10.187,	308.162,	56.295,	43.867,	306.635,	0.0,	0.0,	0.0,	NaN,	300.188,	0.0,	0.0,	0.0,	NaN,	299.761,	2.491
37.98359,	9.816,	9.156,	308.162,	56.332,	43.976,	306.635,	0.0,	0.0,	0.0,	NaN,	300.188,	0.0,	0.0,	0.0,	NaN,	299.761,	2.491
38.118984,	9.154,	8.547,	308.165,	56.319,	43.927,	306.635,	0.0,	0.0,	0.0,	NaN,	300.188,	0.0,	0.0,	0.0,	NaN,	299.761,	2.491
38.247948,	9.251,	8.676,	308.165,	56.268,	43.765,	306.633,	0.0,	0.0,	0.0,	NaN,	300.185,	0.0,	0.0,	0.0,	NaN,	299.761,	2.491
38.386395,	10.882,	10.211,	308.165,	56.257,	43.738,	306.633,	0.0,	0.0,	0.0,	NaN,	300.185,	0.0,	0.0,	0.0,	NaN,	299.761,	2.492
38.51211,	10.969,	10.273,	308.165,	56.282,	43.838,	306.633,	0.0,	0.0,	0.0,	NaN,	300.185,	0.0,	0.0,	0.0,	NaN,	299.758,	2.491
38.642803,	10.052,	9.379,	308.167,	56.323,	43.959,	306.633,	0.0,	0.0,	0.0,	NaN,	300.181,	0.0,	0.0,	0.0,	NaN,	299.758,	2.491
38.771664,	9.298,	8.675,	308.167,	56.332,	43.956,	306.635,	0.0,	0.0,	0.0,	NaN,	300.181,	0.0,	0.0,	0.0,	NaN,	299.758,	2.491
38.898327,	9.139,	8.553,	308.167,	56.289,	43.814,	306.635,	0.0,	0.0,	0.0,	NaN,	300.178,	0.0,	0.0,	0.0,	NaN,	299.754,	2.491
39.03882,	10.71,	10.06,	308.165,	56.252,	43.712,	306.635,	0.0,	0.0,	0.0,	NaN,	300.181,	0.0,	0.0,	0.0,	NaN,	299.754,	2.516
39.171818,	11.001,	10.309,	308.165,	56.265,	43.803,	306.635,	0.0,	0.0,	0.0,	NaN,	300.181,	0.0,	0.0,	0.0,	NaN,	299.754,	2.515
39.313824,	10.16,	9.483,	308.165,	56.311,	43.949,	306.637,	0.0,	0.0,	0.0,	NaN,	300.181,	0.0,	0.0,	0.0,	NaN,	299.754,	2.515
39.44739,	9.351,	8.722,	308.165,	56.327,	43.953,	306.637,	0.0,	0.0,	0.0,	NaN,	300.178,	0.0,	0.0,	0.0,	NaN,	299.751,	2.515
39.587265,	9.13,	8.541,	308.167,	56.301,	43.822,	306.637,	0.0,	0.0,	0.0,	NaN,	300.178,	0.0,	0.0,	0.0,	NaN,	299.754,	2.515
39.71805,	10.653,	10.009,	308.167,	56.258,	43.706,	306.635,	0.0,	0.0,	0.0,	NaN,	300.178,	0.0,	0.0,	0.0,	NaN,	299.754,	2.515
39.847534,	11.017,	10.326,	308.167,	56.261,	43.79,	306.635,	0.0,	0.0,	0.0,	NaN,	300.174,	0.0,	0.0,	0.0,	NaN,	299.754,	2.515
39.978764,	10.407,	9.721,	308.167,	56.301,	43.924,	306.635,	0.0,	0.0,	0.0,	NaN,	300.178,	0.0,	0.0,	0.0,	NaN,	299.754,	2.515
40.114407,	9.474,	8.835,	308.165,	56.327,	43.959,	306.635,	0.0,	0.0,	0.0,	NaN,	300.174,	0.0,	0.0,	0.0,	NaN,	299.758,	2.515
40.252144,	9.127,	8.53,	308.165,	56.316,	43.85,	306.633,	0.0,	0.0,	0.0,	NaN,	300.171,	0.0,	0.0,	0.0,	NaN,	299.758,	2.515
40.38449,	10.384,	9.771,	308.165,	56.269,	43.706,	306.633,	0.0,	0.0,	0.0,	NaN,	300.171,	0.0,	0.0,	0.0,	NaN,	299.754,	2.515
40.51722,	11.02,	10.333,	308.165,	56.254,	43.756,	306.633,	0.0,	0.0,	0.0,	NaN,	300.171,	0.0,	0.0,	0.0,	NaN,	299.754,	2.515
40.660458,	10.647,	9.942,	308.167,	56.28,	43.89,	306.633,	0.0,	0.0,	0.0,	NaN,	300.171,	0.0,	0.0,	0.0,	NaN,	299.758,	2.515
40.82087,	9.466,	8.827,	308.167,	56.331,	43.952,	306.63,	0.0,	0.0,	0.0,	NaN,	300.174,	0.0,	0.0,	0.0,	NaN,	299.758,	2.546
40.95402,	9.144,	8.548,	308.167,	56.321,	43.832,	306.63,	0.0,	0.0,	0.0,	NaN,	300.171,	0.0,	0.0,	0.0,	NaN,	299.758,	2.546
41.082443,	10.492,	9.867,	308.167,	56.27,	43.698,	306.63,	0.0,	0.0,	0.0,	NaN,	300.171,	0.0,	0.0,	0.0,	NaN,	299.758,	2.546
41.219822,	11.045,	10.356,	308.165,	56.254,	43.756,	306.63,	0.0,	0.0,	0.0,	NaN,	300.171,	0.0,	0.0,	0.0,	NaN,	299.758,	2.546
41.348934,	10.761,	10.051,	308.165,	56.271,	43.872,	306.628,	0.0,	0.0,	0.0,	NaN,	300.171,	0.0,	0.0,	0.0,	NaN,	299.758,	2.546
41.479294,	9.693,	9.038,	308.165,	56.311,	43.951,	306.628,	0.0,	0.0,	0.0,	NaN,	300.171,	0.0,	0.0,	0.0,	NaN,	299.758,	2.546
41.611115,	9.204,	8.595,	308.165,	56.325,	43.876,	306.628,	0.0,	0.0,	0.0,	NaN,	300.171,	0.0,	0.0,	0.0,	NaN,	299.758,	2.546
41.74809,	10.126,	9.541,	308.162,	56.287,	43.699,	306.628,	0.0,	0.0,	0.0,	NaN,	300.174,	0.0,	0.0,	0.0,	NaN,	299.761,	2.546
41.88546,	11.037,	10.352,	308.162,	56.249,	43.724,	306.63,	0.0,	0.0,	0.0,	NaN,	300.171,	0.0,	0.0,	0.0,	NaN,	299.758,	2.547
42.013233,	10.866,	10.155,	308.162,	56.263,	43.859,	306.63,	0.0,	0.0,	0.0,	NaN,	300.174,	0.0,	0.0,	0.0,	NaN,	299.758,	2.546
42.154613,	9.769,	9.109,	308.165,	56.303,	43.944,	306.63,	0.0,	0.0,	0.0,	NaN,	300.174,	0.0,	0.0,	0.0,	NaN,	299.758,	2.546
42.284893,	9.241,	8.627,	308.165,	56.325,	43.881,	306.63,	0.0,	0.0,	0.0,	NaN,	300.174,	0.0,	0.0,	0.0,	NaN,	299.758,	2.546
42.423714,	9.431,	8.856,	308.165,	56.304,	43.722,	306.628,	0.0,	0.0,	0.0,	NaN,	300.171,	0.0,	0.0,	0.0,	NaN,	299.758,	2.539
42.55133,	10.971,	10.3,	308.165,	56.264,	43.694,	306.628,	0.0,	0.0,	0.0,	NaN,	300.174,	0.0,	0.0,	0.0,	NaN,	299.758,	2.539
42.70482,	10.953,	10.244,	308.162,	56.256,	43.843,	306.628,	0.0,	0.0,	0.0,	NaN,	300.174,	0.0,	0.0,	0.0,	NaN,	299.758,	2.539
42.83117,	9.849,	9.184,	308.162,	56.291,	43.936,	306.626,	0.0,	0.0,	0.0,	NaN,	300.174,	0.0,	0.0,	0.0,	NaN,	299.758,	2.539
42.964237,	9.28,	8.662,	308.162,	56.321,	43.882,	306.626,	0.0,	0.0,	0.0,	NaN,	300.174,	0.0,	0.0,	0.0,	NaN,	299.758,	2.54
43.098473,	9.351,	8.766,	308.162,	56.315,	43.746,	306.626,	0.0,	0.0,	0.0,	NaN,	300.174,	0.0,	0.0,	0.0,	NaN,	299.758,	2.539
43.22608,	10.953,	10.286,	308.16,	56.268,	43.68,	306.626,	0.0,	0.0,	0.0,	NaN,	300.174,	0.0,	0.0,	0.0,	NaN,	299.761,	2.539
43.357098,	11.104,	10.403,	308.16,	56.248,	43.788,	306.624,	0.0,	0.0,	0.0,	NaN,	300.174,	0.0,	0.0,	0.0,	NaN,	299.758,	2.539
43.495415,	10.196,	9.516,	308.16,	56.274,	43.915,	306.624,	0.0,	0.0,	0.0,	NaN,	300.174,	0.0,	0.0,	0.0,	NaN,	299.758,	2.539
43.625988,	9.427,	8.792,	308.16,	56.314,	43.909,	306.624,	0.0,	0.0,	0.0,	NaN,	300.174,	0.0,	0.0,	0.0,	NaN,	299.758,	2.539
43.758915,	9.245,	8.649,	308.162,	56.32,	43.772,	306.624,	0.0,	0.0,	0.0,	NaN,	300.178,	0.0,	0.0,	0.0,	NaN,	299.758,	2.539
43.91707,	10.99,	10.319,	308.162,	56.27,	43.676,	306.622,	0.0,	0.0,	0.0,	NaN,	300.174,	0.0,	0.0,	0.0,	NaN,	299.758,	2.539
44.061836,	11.108,	10.405,	308.162,	56.247,	43.792,	306.622,	0.0,	0.0,	0.0,	NaN,	300.178,	0.0,	0.0,	0.0,	NaN,	299.758,	2.539
44.20053,	10.017,	9.345,	308.165,	56.278,	43.919,	306.622,	0.0,	0.0,	0.0,	NaN,	300.181,	0.0,	0.0,	0.0,	NaN,	299.758,	2.594
44.332497,	9.363,	8.736,	308.165,	56.314,	43.889,	306.622,	0.0,	0.0,	0.0,	NaN,	300.178,	0.0,	0.0,	0.0,	NaN,	299.758,	2.594
44.46504,	9.357,	8.767,	308.165,	56.317,	43.734,	306.62,	0.0,	0.0,	0.0,	NaN,	300.178,	0.0,	0.0,	0.0,	NaN,	299.758,	2.594
44.60249,	10.966,	10.299,	308.165,	56.281,	43.67,	306.62,	0.0,	0.0,	0.0,	NaN,	300.178,	0.0,	0.0,	0.0,	NaN,	299.758,	2.594
44.733868,	11.136,	10.435,	308.162,	56.246,	43.775,	306.62,	0.0,	0.0,	0.0,	NaN,	300.181,	0.0,	0.0,	0.0,	NaN,	299.758,	2.594
44.863007,	10.253,	9.569,	308.162,	56.266,	43.903,	306.62,	0.0,	0.0,	0.0,	NaN,	300.181,	0.0,	0.0,	0.0,	NaN,	299.754,	2.594
45.003696,	9.465,	8.827,	308.162,	56.301,	43.902,	306.622,	0.0,	0.0,	0.0,	NaN,	300.185,	0.0,	0.0,	0.0,	NaN,	299.758,	2.594
45.13653,	9.233,	8.632,	308.162,	56.322,	43.785,	306.622,	0.0,	0.0,	0.0,	NaN,	300.185,	0.0,	0.0,	0.0,	NaN,	299.754,	2.594
45.26269,	10.825,	10.172,	308.165,	56.297,	43.656,	306.622,	0.0,	0.0,	0.0,	NaN,	300.185,	0.0,	0.0,	0.0,	NaN,	299.754,	2.594
45.406013,	11.155,	10.458,	308.165,	56.254,	43.743,	306.62,	0.0,	0.0,	0.0,	NaN,	300.192,	0.0,	0.0,	0.0,	NaN,	299.754,	2.594
45.533413,	10.629,	9.928,	308.165,	56.245,	43.861,	306.62,	0.0,	0.0,	0.0,	NaN,	300.188,	0.0,	0.0,	0.0,	NaN,	299.754,	2.594
45.669872,	9.583,	8.934,	308.165,	56.289,	43.908,	306.62,	0.0,	0.0,	0.0,	NaN,	300.188,	0.0,	0.0,	0.0,	NaN,	299.754,	2.594
45.81536,	9.253,	8.652,	308.162,	56.317,	43.769,	306.62,	0.0,	0.0,	0.0,	NaN,	300.192,	0.0,	0.0,	0.0,	NaN,	299.754,	2.594
45.94681,	10.757,	10.111,	308.162,	56.303,	43.647,	306.617,	0.0,	0.0,	0.0,	NaN,	300.188,	0.0,	0.0,	0.0,	NaN,	299.754,	2.553
46.082817,	11.154,	10.461,	308.162,	56.264,	43.711,	306.617,	0.0,	0.0,	0.0,	NaN,	300.188,	0.0,	0.0,	0.0,	NaN,	299.754,	2.554
46.212093,	10.725,	10.019,	308.162,	56.242,	43.848,	306.617,	0.0,	0.0,	0.0,	NaN,	300.188,	0.0,	0.0,	0.0,	NaN,	299.751,	2.554
46.339775,	9.722,	9.062,	308.165,	56.271,	43.908,	306.617,	0.0,	0.0,	0.0,	NaN,	300.188,	0.0,	0.0,	0.0,	NaN,	299.754,	2.553
46.473663,	9.277,	8.664,	308.165,	56.308,	43.816,	306.62,	0.0,	0.0,	0.0,	NaN,	300.188,	0.0,	0.0,	0.0,	NaN,	299.754,	2.553
46.601643,	10.196,	9.607,	308.165,	56.317,	43.66,	306.62,	0.0,	0.0,	0.0,	NaN,	300.188,	0.0,	0.0,	0.0,	NaN,	299.758,	2.553
46.749046,	11.157,	10.466,	308.165,	56.271,	43.696,	306.62,	0.0,	0.0,	0.0,	NaN,	300.188,	0.0,	0.0,	0.0,	NaN,	299.758,	2.553
46.88199,	10.833,	10.119,	308.167,	56.241,	43.832,	306.62,	0.0,	0.0,	0.0,	NaN,	300.188,	0.0,	0.0,	0.0,	NaN,	299.758,	2.553
47.01815,	9.788,	9.124,	308.167,	56.26,	43.902,	306.617,	0.0,	0.0,	0.0,	NaN,	300.185,	0.0,	0.0,	0.0,	NaN,	299.758,	2.554
47.149273,	9.305,	8.688,	308.167,	56.3,	43.823,	306.617,	0.0,	0.0,	0.0,	NaN,	300.188,	0.0,	0.0,	0.0,	NaN,	299.758,	2.553
47.311287,	10.32,	9.724,	308.165,	56.314,	43.646,	306.617,	0.0,	0.0,	0.0,	NaN,	300.185,	0.0,	0.0,	0.0,	NaN,	299.758,	2.554
47.43566,	11.163,	10.473,	308.165,	56.282,	43.682,	306.617,	0.0,	0.0,	0.0,	NaN,	300.188,	0.0,	0.0,	0.0,	NaN,	299.758,	2.553
47.566776,	10.94,	10.223,	308.165,	56.243,	43.816,	306.62,	0.0,	0.0,	0.0,	NaN,	300.188,	0.0,	0.0,	0.0,	NaN,	299.754,	2.642
47.699814,	9.962,	9.289,	308.165,	56.246,	43.895,	306.62,	0.0,	0.0,	0.0,	NaN,	300.188,	0.0,	0.0,	0.0,	NaN,	299.758,	2.642
47.825333,	9.378,	8.751,	308.162,	56.287,	43.843,	306.62,	0.0,	0.0,	0.0,	NaN,	300.192,	0.0,	0.0,	0.0,	NaN,	299.754,	2.642
47.94942,	9.427,	8.835,	308.162,	56.315,	43.684,	306.62,	0.0,	0.0,	0.0,	NaN,	300.192,	0.0,	0.0,	0.0,	NaN,	299.758,	2.642
48.087864,	11.1,	10.423,	308.162,	56.3,	43.647,	306.622,	0.0,	0.0,	0.0,	NaN,	300.195,	0.0,	0.0,	0.0,	NaN,	299.758,	2.642
48.22545,	11.177,	10.47,	308.162,	56.255,	43.763,	306.622,	0.0,	0.0,	0.0,	NaN,	300.192,	0.0,	0.0,	0.0,	NaN,	299.758,	2.642
48.354458,	10.168,	9.486,	308.16,	56.242,	43.88,	306.622,	0.0,	0.0,	0.0,	NaN,	300.192,	0.0,	0.0,	0.0,	NaN,	299.758,	2.642
48.481873,	9.528,	8.884,	308.16,	56.266,	43.869,	306.622,	0.0,	0.0,	0.0,	NaN,	300.195,	0.0,	0.0,	0.0,	NaN,	299.758,	2.642
48.612038,	9.325,	8.722,	308.16,	56.306,	43.732,	306.62,	0.0,	0.0,	0.0,	NaN,	300.195,	0.0,	0.0,	0.0,	NaN,	299.761,	2.642
48.741653,	10.902,	10.245,	308.16,	56.311,	43.625,	306.62,	0.0,	0.0,	0.0,	NaN,	300.195,	0.0,	0.0,	0.0,	NaN,	299.758,	2.642
48.869297,	11.215,	10.518,	308.158,	56.282,	43.698,	306.62,	0.0,	0.0,	0.0,	NaN,	300.195,	0.0,	0.0,	0.0,	NaN,	299.758,	2.642
48.995167,	10.687,	9.984,	308.158,	56.241,	43.836,	306.62,	0.0,	0.0,	0.0,	NaN,	300.192,	0.0,	0.0,	0.0,	NaN,	299.761,	2.642
49.15135,	9.576,	8.928,	308.158,	56.257,	43.87,	306.622,	0.0,	0.0,	0.0,	NaN,	300.195,	0.0,	0.0,	0.0,	NaN,	299.761,	2.642
49.291237,	9.314,	8.708,	308.158,	56.294,	43.734,	306.622,	0.0,	0.0,	0.0,	NaN,	300.192,	0.0,	0.0,	0.0,	NaN,	299.761,	2.573
49.43081,	10.829,	10.179,	308.156,	56.312,	43.617,	306.622,	0.0,	0.0,	0.0,	NaN,	300.195,	0.0,	0.0,	0.0,	NaN,	299.761,	2.572
49.562653,	11.231,	10.533,	308.156,	56.287,	43.702,	306.62,	0.0,	0.0,	0.0,	NaN,	300.192,	0.0,	0.0,	0.0,	NaN,	299.761,	2.572
49.69251,	10.642,	9.943,	308.156,	56.242,	43.837,	306.62,	0.0,	0.0,	0.0,	NaN,	300.195,	0.0,	0.0,	0.0,	NaN,	299.758,	2.573
49.835682,	9.697,	9.038,	308.156,	56.243,	43.875,	306.62,	0.0,	0.0,	0.0,	NaN,	300.192,	0.0,	0.0,	0.0,	NaN,	299.761,	2.573
49.962162,	9.314,	8.701,	308.154,	56.283,	43.768,	306.62,	0.0,	0.0,	0.0,	NaN,	300.192,	0.0,	0.0,	0.0,	NaN,	299.758,	2.572
50.094067,	10.534,	9.917,	308.154,	56.316,	43.623,	306.622,	0.0,	0.0,	0.0,	NaN,	300.192,	0.0,	0.0,	0.0,	NaN,	299.761,	2.572
50.22795,	11.221,	10.528,	308.154,	56.296,	43.671,	306.622,	0.0,	0.0,	0.0,	NaN,	300.195,	0.0,	0.0,	0.0,	NaN,	299.761,	2.573
50.36375,	10.877,	10.161,	308.154,	56.253,	43.809,	306.622,	0.0,	0.0,	0.0,	NaN,	300.192,	0.0,	0.0,	0.0,	NaN,	299.761,	2.572
50.49446,	9.84,	9.172,	308.152,	56.237,	43.876,	306.622,	0.0,	0.0,	0.0,	NaN,	300.195,	0.0,	0.0,	0.0,	NaN,	299.761,	2.573
50.627354,	9.359,	8.737,	308.152,	56.264,	43.79,	306.624,	0.0,	0.0,	0.0,	NaN,	300.195,	0.0,	0.0,	0.0,	NaN,	299.761,	2.573
50.757957,	9.579,	8.995,	308.152,	56.307,	43.633,	306.624,	0.0,	0.0,	0.0,	NaN,	300.195,	0.0,	0.0,	0.0,	NaN,	299.765,	2.572
50.887608,	11.202,	10.514,	308.152,	56.309,	43.648,	306.624,	0.0,	0.0,	0.0,	NaN,	300.195,	0.0,	0.0,	0.0,	NaN,	299.761,	2.573
51.017876,	11.115,	10.398,	308.149,	56.268,	43.776,	306.624,	0.0,	0.0,	0.0,	NaN,	300.195,	0.0,	0.0,	0.0,	NaN,	299.761,	2.67
51.158512,	10.009,	9.332,	308.149,	56.236,	43.87,	306.626,	0.0,	0.0,	0.0,	NaN,	300.195,	0.0,	0.0,	0.0,	NaN,	299.761,	2.67
51.291157,	9.429,	8.797,	308.149,	56.254,	43.818,	306.626,	0.0,	0.0,	0.0,	NaN,	300.195,	0.0,	0.0,	0.0,	NaN,	299.761,	2.67
51.420807,	9.493,	8.897,	308.149,	56.294,	43.655,	306.626,	0.0,	0.0,	0.0,	NaN,	300.199,	0.0,	0.0,	0.0,	NaN,	299.761,	2.67
51.550823,	11.105,	10.432,	308.147,	56.311,	43.614,	306.626,	0.0,	0.0,	0.0,	NaN,	300.199,	0.0,	0.0,	0.0,	NaN,	299.765,	2.671
51.681526,	11.261,	10.555,	308.147,	56.288,	43.724,	306.624,	0.0,	0.0,	0.0,	NaN,	300.199,	0.0,	0.0,	0.0,	NaN,	299.761,	2.67
51.823387,	10.211,	9.526,	308.147,	56.24,	43.856,	306.624,	0.0,	0.0,	0.0,	NaN,	300.199,	0.0,	0.0,	0.0,	NaN,	299.765,	2.67
51.95268,	9.576,	8.928,	308.147,	56.238,	43.842,	306.624,	0.0,	0.0,	0.0,	NaN,	300.199,	0.0,	0.0,	0.0,	NaN,	299.765,	2.671
52.082745,	9.38,	8.773,	308.149,	56.278,	43.701,	306.624,	0.0,	0.0,	0.0,	NaN,	300.199,	0.0,	0.0,	0.0,	NaN,	299.768,	2.67
52.208668,	10.967,	10.309,	308.149,	56.307,	43.602,	306.622,	0.0,	0.0,	0.0,	NaN,	300.199,	0.0,	0.0,	0.0,	NaN,	299.765,	2.67
52.341404,	11.28,	10.579,	308.149,	56.3,	43.689,	306.622,	0.0,	0.0,	0.0,	NaN,	300.202,	0.0,	0.0,	0.0,	NaN,	299.768,	2.671
52.46882,	10.599,	9.902,	308.147,	56.253,	43.824,	306.622,	0.0,	0.0,	0.0,	NaN,	300.202,	0.0,	0.0,	0.0,	NaN,	299.768,	2.67
52.602074,	9.69,	9.032,	308.147,	56.235,	43.852,	306.622,	0.0,	0.0,	0.0,	NaN,	300.199,	0.0,	0.0,	0.0,	NaN,	299.768,	2.67
52.73743,	9.35,	8.737,	308.147,	56.258,	43.73,	306.62,	0.0,	0.0,	0.0,	NaN,	300.202,	0.0,	0.0,	0.0,	NaN,	299.768,	2.572
52.87507,	10.723,	10.088,	308.147,	56.3,	43.596,	306.62,	0.0,	0.0,	0.0,	NaN,	300.202,	0.0,	0.0,	0.0,	NaN,	299.768,	2.572
53.00161,	11.259,	10.565,	308.145,	56.307,	43.648,	306.62,	0.0,	0.0,	0.0,	NaN,	300.202,	0.0,	0.0,	0.0,	NaN,	299.768,	2.572
53.126724,	10.971,	10.251,	308.145,	56.275,	43.779,	306.62,	0.0,	0.0,	0.0,	NaN,	300.202,	0.0,	0.0,	0.0,	NaN,	299.768,	2.572
53.256466,	9.913,	9.239,	308.145,	56.234,	43.856,	306.617,	0.0,	0.0,	0.0,	NaN,	300.202,	0.0,	0.0,	0.0,	NaN,	299.772,	2.573
53.390404,	9.408,	8.781,	308.145,	56.241,	43.777,	306.617,	0.0,	0.0,	0.0,	NaN,	300.202,	0.0,	0.0,	0.0,	NaN,	299.768,	2.572
53.52954,	9.557,	8.964,	308.147,	56.281,	43.618,	306.617,	0.0,	0.0,	0.0,	NaN,	300.202,	0.0,	0.0,	0.0,	NaN,	299.768,	2.572
53.66086,	11.233,	10.545,	308.147,	56.309,	43.624,	306.617,	0.0,	0.0,	0.0,	NaN,	300.206,	0.0,	0.0,	0.0,	NaN,	299.772,	2.572
53.81124,	11.071,	10.35,	308.147,	56.287,	43.77,	306.615,	0.0,	0.0,	0.0,	NaN,	300.202,	0.0,	0.0,	0.0,	NaN,	299.772,	2.572
53.941116,	9.98,	9.303,	308.147,	56.241,	43.852,	306.615,	0.0,	0.0,	0.0,	NaN,	300.206,	0.0,	0.0,	0.0,	NaN,	299.772,	2.572
54.075573,	9.437,	8.807,	308.145,	56.231,	43.78,	306.615,	0.0,	0.0,	0.0,	NaN,	300.202,	0.0,	0.0,	0.0,	NaN,	299.772,	2.572
54.214912,	9.644,	8.888,	308.145,	56.275,	43.622,	306.617,	0.0,	0.0,	0.0,	NaN,	300.202,	0.0,	0.0,	0.0,	NaN,	299.772,	2.572
54.346844,	11.226,	10.541,	308.145,	56.306,	43.613,	306.617,	0.0,	0.0,	0.0,	NaN,	300.202,	0.0,	0.0,	0.0,	NaN,	299.775,	2.572
54.47454,	11.237,	10.524,	308.145,	56.299,	43.737,	306.617,	0.0,	0.0,	0.0,	NaN,	300.202,	0.0,	0.0,	0.0,	NaN,	299.772,	2.695
54.603065,	10.295,	9.606,	308.147,	56.261,	43.837,	306.617,	0.0,	0.0,	0.0,	NaN,	300.202,	0.0,	0.0,	0.0,	NaN,	299.772,	2.695
54.73206,	9.574,	8.927,	308.147,	56.231,	43.822,	306.615,	0.0,	0.0,	0.0,	NaN,	300.206,	0.0,	0.0,	0.0,	NaN,	299.775,	2.695
54.864635,	9.453,	8.845,	308.147,	56.245,	43.674,	306.615,	0.0,	0.0,	0.0,	NaN,	300.202,	0.0,	0.0,	0.0,	NaN,	299.772,	2.695
54.993877,	11.076,	10.41,	308.147,	56.292,	43.581,	306.615,	0.0,	0.0,	0.0,	NaN,	300.202,	0.0,	0.0,	0.0,	NaN,	299.775,	2.695
55.1212,	11.316,	10.614,	308.149,	56.308,	43.67,	306.615,	0.0,	0.0,	0.0,	NaN,	300.202,	0.0,	0.0,	0.0,	NaN,	299.775,	2.695
55.246284,	10.68,	9.979,	308.149,	56.277,	43.801,	306.617,	0.0,	0.0,	0.0,	NaN,	300.202,	0.0,	0.0,	0.0,	NaN,	299.775,	2.695
55.378666,	9.752,	9.089,	308.149,	56.235,	43.836,	306.617,	0.0,	0.0,	0.0,	NaN,	300.202,	0.0,	0.0,	0.0,	NaN,	299.775,	2.695
55.51402,	9.384,	8.766,	308.149,	56.235,	43.72,	306.617,	0.0,	0.0,	0.0,	NaN,	300.199,	0.0,	0.0,	0.0,	NaN,	299.775,	2.695
55.645863,	10.685,	10.056,	308.147,	56.271,	43.58,	306.617,	0.0,	0.0,	0.0,	NaN,	300.202,	0.0,	0.0,	0.0,	NaN,	299.775,	2.695
55.77594,	11.304,	10.607,	308.147,	56.303,	43.643,	306.615,	0.0,	0.0,	0.0,	NaN,	300.199,	0.0,	0.0,	0.0,	NaN,	299.775,	2.695
55.907963,	10.899,	10.183,	308.147,	56.295,	43.777,	306.615,	0.0,	0.0,	0.0,	NaN,	300.202,	0.0,	0.0,	0.0,	NaN,	299.775,	2.695
56.065727,	9.805,	9.138,	308.147,	56.244,	43.84,	306.615,	0.0,	0.0,	0.0,	NaN,	300.202,	0.0,	0.0,	0.0,	NaN,	299.775,	2.695
56.20205,	9.391,	8.774,	308.149,	56.231,	43.707,	306.615,	0.0,	0.0,	0.0,	NaN,	300.202,	0.0,	0.0,	0.0,	NaN,	299.772,	2.586
56.33686,	10.778,	10.138,	308.149,	56.266,	43.576,	306.617,	0.0,	0.0,	0.0,	NaN,	300.206,	0.0,	0.0,	0.0,	NaN,	299.775,	2.586
56.475502,	11.317,	10.618,	308.149,	56.299,	43.642,	306.617,	0.0,	0.0,	0.0,	NaN,	300.206,	0.0,	0.0,	0.0,	NaN,	299.775,	2.586
56.604694,	10.844,	10.132,	308.147,	56.295,	43.78,	306.617,	0.0,	0.0,	0.0,	NaN,	300.206,	0.0,	0.0,	0.0,	NaN,	299.772,	2.585
56.743385,	9.858,	9.187,	308.147,	56.251,	43.836,	306.617,	0.0,	0.0,	0.0,	NaN,	300.206,	0.0,	0.0,	0.0,	NaN,	299.772,	2.586
56.876637,	9.415,	8.79,	308.147,	56.227,	43.736,	306.62,	0.0,	0.0,	0.0,	NaN,	300.202,	0.0,	0.0,	0.0,	NaN,	299.775,	2.586
57.003338,	10.416,	9.815,	308.147,	56.252,	43.581,	306.62,	0.0,	0.0,	0.0,	NaN,	300.206,	0.0,	0.0,	0.0,	NaN,	299.775,	2.586
57.13662,	11.299,	10.604,	308.149,	56.292,	43.615,	306.62,	0.0,	0.0,	0.0,	NaN,	300.206,	0.0,	0.0,	0.0,	NaN,	299.772,	2.586
57.29441,	10.938,	10.219,	308.149,	56.298,	43.77,	306.617,	0.0,	0.0,	0.0,	NaN,	300.206,	0.0,	0.0,	0.0,	NaN,	299.772,	2.586
57.4239,	9.916,	9.241,	308.149,	56.258,	43.832,	306.617,	0.0,	0.0,	0.0,	NaN,	300.202,	0.0,	0.0,	0.0,	NaN,	299.772,	2.586
57.55573,	9.437,	8.809,	308.149,	56.227,	43.744,	306.617,	0.0,	0.0,	0.0,	NaN,	300.209,	0.0,	0.0,	0.0,	NaN,	299.768,	2.586
57.693535,	9.698,	9.669,	308.152,	56.244,	43.588,	306.617,	0.0,	0.0,	0.0,	NaN,	300.206,	0.0,	0.0,	0.0,	NaN,	299.768,	2.586
57.8247,	11.29,	10.598,	308.152,	56.281,	43.603,	306.615,	0.0,	0.0,	0.0,	NaN,	300.206,	0.0,	0.0,	0.0,	NaN,	299.768,	2.586
57.959087,	11.181,	10.459,	308.152,	56.301,	43.735,	306.615,	0.0,	0.0,	0.0,	NaN,	300.206,	0.0,	0.0,	0.0,	NaN,	299.768,	2.703
58.086895,	10.191,	9.504,	308.152,	56.284,	43.827,	306.615,	0.0,	0.0,	0.0,	NaN,	300.206,	0.0,	0.0,	0.0,	NaN,	299.768,	2.703
58.21413,	9.551,	8.908,	308.149,	56.235,	43.788,	306.615,	0.0,	0.0,	0.0,	NaN,	300.206,	0.0,	0.0,	0.0,	NaN,	299.772,	2.703
58.350098,	9.59,	8.992,	308.149,	56.23,	43.631,	306.613,	0.0,	0.0,	0.0,	NaN,	300.206,	0.0,	0.0,	0.0,	NaN,	299.772,	2.703
58.483616,	11.19,	10.514,	308.149,	56.263,	43.574,	306.613,	0.0,	0.0,	0.0,	NaN,	300.206,	0.0,	0.0,	0.0,	NaN,	299.772,	2.703
58.61642,	11.338,	10.629,	308.149,	56.297,	43.685,	306.613,	0.0,	0.0,	0.0,	NaN,	300.206,	0.0,	0.0,	0.0,	NaN,	299.772,	2.703
58.747723,	10.41,	9.715,	308.147,	56.292,	43.811,	306.613,	0.0,	0.0,	0.0,	NaN,	300.206,	0.0,	0.0,	0.0,	NaN,	299.772,	2.703
58.87575,	9.645,	8.991,	308.147,	56.248,	43.803,	306.611,	0.0,	0.0,	0.0,	NaN,	300.202,	0.0,	0.0,	0.0,	NaN,	299.775,	2.703
59.006897,	9.459,	8.847,	308.147,	56.226,	43.658,	306.611,	0.0,	0.0,	0.0,	NaN,	300.206,	0.0,	0.0,	0.0,	NaN,	299.772,	2.703
59.135483,	11.058,	10.394,	308.147,	56.25,	43.56,	306.611,	0.0,	0.0,	0.0,	NaN,	300.206,	0.0,	0.0,	0.0,	NaN,	299.772,	2.703
59.268112,	11.35,	10.648,	308.149,	56.285,	43.64,	306.611,	0.0,	0.0,	0.0,	NaN,	300.206,	0.0,	0.0,	0.0,	NaN,	299.772,	2.703
59.40173,	10.783,	10.075,	308.149,	56.298,	43.776,	306.613,	0.0,	0.0,	0.0,	NaN,	300.206,	0.0,	0.0,	0.0,	NaN,	299.772,	2.703
59.554462,	9.754,	9.09,	308.149,	56.264,	43.814,	306.613,	0.0,	0.0,	0.0,	NaN,	300.206,	0.0,	0.0,	0.0,	NaN,	299.775,	2.703
59.690533,	9.439,	8.823,	308.149,	56.221,	43.666,	306.613,	0.0,	0.0,	0.0,	NaN,	300.209,	0.0,	0.0,	0.0,	NaN,	299.775,	2.6
59.81769,	10.991,	10.334,	308.152,	56.239,	43.555,	306.613,	0.0,	0.0,	0.0,	NaN,	300.209,	0.0,	0.0,	0.0,	NaN,	299.775,	2.6
59.953945,	11.36,	10.657,	308.152,	56.281,	43.644,	306.611,	0.0,	0.0,	0.0,	NaN,	300.209,	0.0,	0.0,	0.0,	NaN,	299.775,	2.6
60.089672,	10.74,	10.036,	308.152,	56.303,	43.78,	306.611,	0.0,	0.0,	0.0,	NaN,	300.209,	0.0,	0.0,	0.0,	NaN,	299.775,	2.6
60.226223,	9.805,	9.137,	308.149,	56.274,	43.813,	306.611,	0.0,	0.0,	0.0,	NaN,	300.206,	0.0,	0.0,	0.0,	NaN,	299.775,	2.6
60.365147,	9.43,	8.812,	308.149,	56.23,	43.676,	306.611,	0.0,	0.0,	0.0,	NaN,	300.209,	0.0,	0.0,	0.0,	NaN,	299.775,	2.6
60.502747,	10.705,	10.076,	308.149,	56.228,	43.556,	306.609,	0.0,	0.0,	0.0,	NaN,	300.209,	0.0,	0.0,	0.0,	NaN,	299.775,	2.6
60.630608,	11.347,	10.649,	308.149,	56.265,	43.615,	306.609,	0.0,	0.0,	0.0,	NaN,	300.209,	0.0,	0.0,	0.0,	NaN,	299.775,	2.6
60.758133,	10.957,	10.238,	308.147,	56.297,	43.753,	306.609,	0.0,	0.0,	0.0,	NaN,	300.209,	0.0,	0.0,	0.0,	NaN,	299.775,	2.6
60.888363,	10.035,	9.353,	308.147,	56.289,	43.819,	306.609,	0.0,	0.0,	0.0,	NaN,	300.209,	0.0,	0.0,	0.0,	NaN,	299.775,	2.6
61.014534,	9.497,	8.861,	308.147,	56.245,	43.745,	306.609,	0.0,	0.0,	0.0,	NaN,	300.209,	0.0,	0.0,	0.0,	NaN,	299.778,	2.6
61.15271,	9.742,	8.963,	308.147,	56.222,	43.583,	306.609,	0.0,	0.0,	0.0,	NaN,	300.209,	0.0,	0.0,	0.0,	NaN,	299.775,	2.6
61.28349,	11.299,	10.611,	308.149,	56.246,	43.577,	306.609,	0.0,	0.0,	0.0,	NaN,	300.209,	0.0,	0.0,	0.0,	NaN,	299.778,	2.689
61.412388,	11.297,	10.58,	308.149,	56.288,	43.704,	306.609,	0.0,	0.0,	0.0,	NaN,	300.209,	0.0,	0.0,	0.0,	NaN,	299.778,	2.7
61.53648,	10.217,	9.528,	308.149,	56.302,	43.812,	306.609,	0.0,	0.0,	0.0,	NaN,	300.209,	0.0,	0.0,	0.0,	NaN,	299.778,	2.7
61.677418,	9.577,	8.931,	308.149,	56.261,	43.768,	306.609,	0.0,	0.0,	0.0,	NaN,	300.209,	0.0,	0.0,	0.0,	NaN,	299.778,	2.699
61.813725,	9.631,	9.032,	308.147,	56.223,	43.612,	306.609,	0.0,	0.0,	0.0,	NaN,	300.209,	0.0,	0.0,	0.0,	NaN,	299.778,	2.7
61.944653,	11.229,	10.551,	308.147,	56.233,	43.558,	306.609,	0.0,	0.0,	0.0,	NaN,	300.209,	0.0,	0.0,	0.0,	NaN,	299.782,	2.7
62.083916,	11.37,	10.659,	308.147,	56.272,	43.676,	306.609,	0.0,	0.0,	0.0,	NaN,	300.209,	0.0,	0.0,	0.0,	NaN,	299.782,	2.7
62.214153,	10.434,	9.737,	308.147,	56.295,	43.796,	306.609,	0.0,	0.0,	0.0,	NaN,	300.209,	0.0,	0.0,	0.0,	NaN,	299.782,	2.7
62.344143,	9.672,	9.016,	308.145,	56.277,	43.786,	306.609,	0.0,	0.0,	0.0,	NaN,	300.209,	0.0,	0.0,	0.0,	NaN,	299.782,	2.7
62.47591,	9.491,	8.876,	308.145,	56.234,	43.644,	306.609,	0.0,	0.0,	0.0,	NaN,	300.213,	0.0,	0.0,	0.0,	NaN,	299.782,	2.7
62.602875,	11.098,	10.433,	308.145,	56.221,	43.544,	306.609,	0.0,	0.0,	0.0,	NaN,	300.213,	0.0,	0.0,	0.0,	NaN,	299.782,	2.7
62.74666,	11.39,	10.685,	308.145,	56.254,	43.644,	306.609,	0.0,	0.0,	0.0,	NaN,	300.209,	0.0,	0.0,	0.0,	NaN,	299.782,	2.7
62.879204,	10.677,	9.974,	308.147,	56.292,	43.778,	306.609,	0.0,	0.0,	0.0,	NaN,	300.209,	0.0,	0.0,	0.0,	NaN,	299.782,	2.7
63.014553,	9.782,	9.116,	308.147,	56.288,	43.799,	306.609,	0.0,	0.0,	0.0,	NaN,	300.209,	0.0,	0.0,	0.0,	NaN,	299.785,	2.613
63.146313,	9.448,	8.826,	308.147,	56.246,	43.675,	306.609,	0.0,	0.0,	0.0,	NaN,	300.213,	0.0,	0.0,	0.0,	NaN,	299.782,	2.613
63.276573,	10.859,	10.215,	308.147,	56.22,	43.545,	306.609,	0.0,	0.0,	0.0,	NaN,	300.213,	0.0,	0.0,	0.0,	NaN,	299.782,	2.613
63.403072,	11.364,	10.665,	308.149,	56.236,	43.6,	306.609,	0.0,	0.0,	0.0,	NaN,	300.213,	0.0,	0.0,	0.0,	NaN,	299.785,	2.613
63.533413,	11.037,	10.313,	308.149,	56.277,	43.735,	306.613,	0.0,	0.0,	0.0,	NaN,	300.213,	0.0,	0.0,	0.0,	NaN,	299.782,	2.613
63.67153,	9.996,	9.315,	308.149,	56.295,	43.806,	306.613,	0.0,	0.0,	0.0,	NaN,	300.213,	0.0,	0.0,	0.0,	NaN,	299.785,	2.613
63.79884,	9.495,	8.86,	308.149,	56.268,	43.723,	306.613,	0.0,	0.0,	0.0,	NaN,	300.216,	0.0,	0.0,	0.0,	NaN,	299.785,	2.613
63.928886,	9.684,	9.088,	308.147,	56.221,	43.56,	306.613,	0.0,	0.0,	0.0,	NaN,	300.216,	0.0,	0.0,	0.0,	NaN,	299.785,	2.613
64.06064,	11.334,	10.642,	308.147,	56.226,	43.572,	306.611,	0.0,	0.0,	0.0,	NaN,	300.216,	0.0,	0.0,	0.0,	NaN,	299.785,	2.613
64.19194,	11.264,	10.542,	308.147,	56.263,	43.708,	306.611,	0.0,	0.0,	0.0,	NaN,	300.216,	0.0,	0.0,	0.0,	NaN,	299.785,	2.613
64.322586,	10.28,	9.589,	308.147,	56.293,	43.797,	306.611,	0.0,	0.0,	0.0,	NaN,	300.216,	0.0,	0.0,	0.0,	NaN,	299.785,	2.613
64.446915,	9.615,	8.965,	308.149,	56.284,	43.761,	306.611,	0.0,	0.0,	0.0,	NaN,	300.216,	0.0,	0.0,	0.0,	NaN,	299.785,	2.613
64.57331,	9.598,	8.991,	308.149,	56.241,	43.606,	306.609,	0.0,	0.0,	0.0,	NaN,	300.216,	0.0,	0.0,	0.0,	NaN,	299.782,	2.613
64.707535,	11.225,	10.548,	308.149,	56.217,	43.544,	306.609,	0.0,	0.0,	0.0,	NaN,	300.216,	0.0,	0.0,	0.0,	NaN,	299.782,	2.684
64.84179,	11.397,	10.687,	308.149,	56.243,	43.652,	306.609,	0.0,	0.0,	0.0,	NaN,	300.213,	0.0,	0.0,	0.0,	NaN,	299.782,	2.687
64.971016,	10.505,	9.805,	308.147,	56.287,	43.782,	306.609,	0.0,	0.0,	0.0,	NaN,	300.216,	0.0,	0.0,	0.0,	NaN,	299.785,	2.687
65.10576,	9.713,	9.053,	308.147,	56.293,	43.78,	306.609,	0.0,	0.0,	0.0,	NaN,	300.213,	0.0,	0.0,	0.0,	NaN,	299.785,	2.687
65.24205,	9.49,	8.873,	308.147,	56.255,	43.635,	306.609,	0.0,	0.0,	0.0,	NaN,	300.216,	0.0,	0.0,	0.0,	NaN,	299.782,	2.687
65.377754,	11.072,	10.41,	308.147,	56.22,	43.533,	306.609,	0.0,	0.0,	0.0,	NaN,	300.216,	0.0,	0.0,	0.0,	NaN,	299.782,	2.687
65.507805,	11.408,	10.703,	308.145,	56.227,	43.624,	306.609,	0.0,	0.0,	0.0,	NaN,	300.216,	0.0,	0.0,	0.0,	NaN,	299.782,	2.687
65.63684,	10.746,	10.041,	308.145,	56.27,	43.762,	306.609,	0.0,	0.0,	0.0,	NaN,	300.213,	0.0,	0.0,	0.0,	NaN,	299.782,	2.687
65.7865,	9.758,	9.094,	308.145,	56.29,	43.782,	306.609,	0.0,	0.0,	0.0,	NaN,	300.213,	0.0,	0.0,	0.0,	NaN,	299.782,	2.687
65.92508,	9.475,	8.854,	308.143,	56.26,	43.647,	306.609,	0.0,	0.0,	0.0,	NaN,	300.216,	0.0,	0.0,	0.0,	NaN,	299.778,	2.687
66.055,	10.991,	10.336,	308.143,	56.217,	43.53,	306.609,	0.0,	0.0,	0.0,	NaN,	300.216,	0.0,	0.0,	0.0,	NaN,	299.778,	2.687
66.19381,	11.408,	10.703,	308.143,	56.221,	43.614,	306.609,	0.0,	0.0,	0.0,	NaN,	300.216,	0.0,	0.0,	0.0,	NaN,	299.775,	2.687
66.33766,	10.692,	9.988,	308.143,	56.265,	43.766,	306.609,	0.0,	0.0,	0.0,	NaN,	300.216,	0.0,	0.0,	0.0,	NaN,	299.772,	2.687
66.47427,	9.802,	9.135,	308.141,	56.29,	43.787,	306.609,	0.0,	0.0,	0.0,	NaN,	300.216,	0.0,	0.0,	0.0,	NaN,	299.772,	2.623
66.61313,	9.47,	8.846,	308.141,	56.272,	43.66,	306.609,	0.0,	0.0,	0.0,	NaN,	300.219,	0.0,	0.0,	0.0,	NaN,	299.772,	2.624
66.74799,	10.893,	10.246,	308.141,	56.224,	43.527,	306.609,	0.0,	0.0,	0.0,	NaN,	300.219,	0.0,	0.0,	0.0,	NaN,	299.768,	2.623
66.878174,	11.404,	10.701,	308.141,	56.218,	43.601,	306.609,	0.0,	0.0,	0.0,	NaN,	300.219,	0.0,	0.0,	0.0,	NaN,	299.768,	2.624
67.005424,	11.051,	10.327,	308.139,	56.241,	43.723,	306.609,	0.0,	0.0,	0.0,	NaN,	300.216,	0.0,	0.0,	0.0,	NaN,	299.772,	2.624
67.13624,	10.015,	9.332,	308.139,	56.283,	43.799,	306.609,	0.0,	0.0,	0.0,	NaN,	300.216,	0.0,	0.0,	0.0,	NaN,	299.775,	2.623
67.264694,	9.515,	8.878,	308.139,	56.286,	43.71,	306.609,	0.0,	0.0,	0.0,	NaN,	300.219,	0.0,	0.0,	0.0,	NaN,	299.772,	2.623
67.394684,	9.717,	9.121,	308.139,	56.246,	43.551,	306.609,	0.0,	0.0,	0.0,	NaN,	300.219,	0.0,	0.0,	0.0,	NaN,	299.775,	2.623
67.52198,	11.358,	10.665,	308.136,	56.214,	43.565,	306.609,	0.0,	0.0,	0.0,	NaN,	300.219,	0.0,	0.0,	0.0,	NaN,	299.772,	2.624
67.66184,	11.28,	10.556,	308.136,	56.229,	43.694,	306.609,	0.0,	0.0,	0.0,	NaN,	300.219,	0.0,	0.0,	0.0,	NaN,	299.775,	2.623
67.80114,	10.074,	9.389,	308.136,	56.28,	43.794,	306.609,	0.0,	0.0,	0.0,	NaN,	300.223,	0.0,	0.0,	0.0,	NaN,	299.772,	2.624
67.93683,	9.583,	8.937,	308.136,	56.286,	43.735,	306.609,	0.0,	0.0,	0.0,	NaN,	300.223,	0.0,	0.0,	0.0,	NaN,	299.775,	2.623
68.06896,	9.625,	9.018,	308.134,	56.261,	43.575,	306.609,	0.0,	0.0,	0.0,	NaN,	300.223,	0.0,	0.0,	0.0,	NaN,	299.772,	2.624
68.19833,	11.306,	10.621,	308.134,	56.216,	43.542,	306.609,	0.0,	0.0,	0.0,	NaN,	300.223,	0.0,	0.0,	0.0,	NaN,	299.772,	2.68
68.35495,	11.335,	10.616,	308.134,	56.221,	43.683,	306.609,	0.0,	0.0,	0.0,	NaN,	300.223,	0.0,	0.0,	0.0,	NaN,	299.772,	2.679
68.49186,	10.138,	9.45,	308.139,	56.267,	43.79,	306.609,	0.0,	0.0,	0.0,	NaN,	300.219,	0.0,	0.0,	0.0,	NaN,	299.768,	2.68
68.629974,	9.568,	8.924,	308.139,	56.287,	43.727,	306.609,	0.0,	0.0,	0.0,	NaN,	300.223,	0.0,	0.0,	0.0,	NaN,	299.768,	2.68
68.75941,	9.693,	9.094,	308.139,	56.264,	43.564,	306.613,	0.0,	0.0,	0.0,	NaN,	300.226,	0.0,	0.0,	0.0,	NaN,	299.768,	2.68
68.89026,	11.329,	10.642,	308.139,	56.218,	43.544,	306.613,	0.0,	0.0,	0.0,	NaN,	300.223,	0.0,	0.0,	0.0,	NaN,	299.768,	2.68
69.0261,	11.373,	10.657,	308.136,	56.217,	43.668,	306.613,	0.0,	0.0,	0.0,	NaN,	300.226,	0.0,	0.0,	0.0,	NaN,	299.768,	2.68
69.15903,	10.326,	9.631,	308.136,	56.256,	43.781,	306.613,	0.0,	0.0,	0.0,	NaN,	300.223,	0.0,	0.0,	0.0,	NaN,	299.768,	2.68
69.29142,	9.651,	8.997,	308.136,	56.286,	43.748,	306.611,	0.0,	0.0,	0.0,	NaN,	300.223,	0.0,	0.0,	0.0,	NaN,	299.768,	2.68
69.42274,	9.614,	9.003,	308.136,	56.279,	43.59,	306.611,	0.0,	0.0,	0.0,	NaN,	300.226,	0.0,	0.0,	0.0,	NaN,	299.768,	2.679
69.55465,	11.243,	10.566,	308.139,	56.236,	43.527,	306.611,	0.0,	0.0,	0.0,	NaN,	300.226,	0.0,	0.0,	0.0,	NaN,	299.772,	2.679
69.69321,	11.429,	10.717,	308.139,	56.212,	43.639,	306.609,	0.0,	0.0,	0.0,	NaN,	300.226,	0.0,	0.0,	0.0,	NaN,	299.768,	2.68
69.83636,	10.406,	9.709,	308.139,	56.241,	43.775,	306.609,	0.0,	0.0,	0.0,	NaN,	300.226,	0.0,	0.0,	0.0,	NaN,	299.772,	2.68
69.972565,	9.687,	9.03,	308.139,	56.278,	43.751,	306.609,	0.0,	0.0,	0.0,	NaN,	300.226,	0.0,	0.0,	0.0,	NaN,	299.768,	2.648
70.106895,	9.511,	8.891,	308.141,	56.283,	43.625,	306.609,	0.0,	0.0,	0.0,	NaN,	300.226,	0.0,	0.0,	0.0,	NaN,	299.772,	2.648
70.243225,	11.199,	10.527,	308.141,	56.243,	43.522,	306.609,	0.0,	0.0,	0.0,	NaN,	300.226,	0.0,	0.0,	0.0,	NaN,	299.772,	2.648
70.38537,	11.438,	10.729,	308.141,	56.21,	43.626,	306.609,	0.0,	0.0,	0.0,	NaN,	300.226,	0.0,	0.0,	0.0,	NaN,	299.772,	2.648
70.514015,	10.645,	9.94,	308.141,	56.224,	43.757,	306.609,	0.0,	0.0,	0.0,	NaN,	300.226,	0.0,	0.0,	0.0,	NaN,	299.772,	2.648
70.64364,	9.792,	9.126,	308.139,	56.27,	43.768,	306.609,	0.0,	0.0,	0.0,	NaN,	300.226,	0.0,	0.0,	0.0,	NaN,	299.775,	2.648
70.77559,	9.49,	8.863,	308.139,	56.281,	43.652,	306.609,	0.0,	0.0,	0.0,	NaN,	300.23,	0.0,	0.0,	0.0,	NaN,	299.772,	2.648
70.90043,	10.808,	10.171,	308.139,	56.259,	43.515,	306.609,	0.0,	0.0,	0.0,	NaN,	300.23,	0.0,	0.0,	0.0,	NaN,	299.772,	2.648
71.030785,	11.419,	10.717,	308.139,	56.216,	43.581,	306.609,	0.0,	0.0,	0.0,	NaN,	300.23,	0.0,	0.0,	0.0,	NaN,	299.772,	2.648
71.15878,	11.001,	10.28,	308.136,	56.21,	43.718,	306.609,	0.0,	0.0,	0.0,	NaN,	300.23,	0.0,	0.0,	0.0,	NaN,	299.772,	2.647
71.29153,	10.09,	9.403,	308.136,	56.24,	43.78,	306.609,	0.0,	0.0,	0.0,	NaN,	300.23,	0.0,	0.0,	0.0,	NaN,	299.772,	2.648
71.425125,	9.523,	8.886,	308.136,	56.278,	43.683,	306.609,	0.0,	0.0,	0.0,	NaN,	300.226,	0.0,	0.0,	0.0,	NaN,	299.772,	2.648
71.559,	10.418,	9.818,	308.136,	56.27,	43.53,	306.609,	0.0,	0.0,	0.0,	NaN,	300.23,	0.0,	0.0,	0.0,	NaN,	299.768,	2.648
71.69344,	11.392,	10.696,	308.139,	56.229,	43.555,	306.609,	0.0,	0.0,	0.0,	NaN,	300.23,	0.0,	0.0,	0.0,	NaN,	299.765,	2.656
71.83414,	11.249,	10.522,	308.139,	56.207,	43.695,	306.609,	0.0,	0.0,	0.0,	NaN,	300.233,	0.0,	0.0,	0.0,	NaN,	299.768,	2.656
71.96299,	10.152,	9.463,	308.139,	56.23,	43.779,	306.609,	0.0,	0.0,	0.0,	NaN,	300.23,	0.0,	0.0,	0.0,	NaN,	299.768,	2.656
72.09406,	9.584,	8.939,	308.139,	56.272,	43.713,	306.609,	0.0,	0.0,	0.0,	NaN,	300.23,	0.0,	0.0,	0.0,	NaN,	299.768,	2.656
72.22674,	9.718,	9.118,	308.141,	56.282,	43.551,	306.609,	0.0,	0.0,	0.0,	NaN,	300.23,	0.0,	0.0,	0.0,	NaN,	299.765,	2.656
72.38421,	11.38,	10.687,	308.141,	56.237,	43.546,	306.609,	0.0,	0.0,	0.0,	NaN,	300.233,	0.0,	0.0,	0.0,	NaN,	299.768,	2.656
72.51668,	11.319,	10.596,	308.141,	56.202,	43.674,	306.609,	0.0,	0.0,	0.0,	NaN,	300.233,	0.0,	0.0,	0.0,	NaN,	299.765,	2.656
72.641815,	10.339,	9.643,	308.143,	56.216,	43.772,	306.609,	0.0,	0.0,	0.0,	NaN,	300.233,	0.0,	0.0,	0.0,	NaN,	299.765,	2.656
72.76596,	9.666,	9.012,	308.143,	56.257,	43.736,	306.609,	0.0,	0.0,	0.0,	NaN,	300.233,	0.0,	0.0,	0.0,	NaN,	299.765,	2.656
72.89787,	9.634,	9.023,	308.143,	56.28,	43.581,	306.609,	0.0,	0.0,	0.0,	NaN,	300.233,	0.0,	0.0,	0.0,	NaN,	299.765,	2.656
73.05702,	11.365,	10.675,	308.143,	56.246,	43.536,	306.609,	0.0,	0.0,	0.0,	NaN,	300.233,	0.0,	0.0,	0.0,	NaN,	299.761,	2.656
73.19145,	11.417,	10.701,	308.141,	56.208,	43.644,	306.609,	0.0,	0.0,	0.0,	NaN,	300.233,	0.0,	0.0,	0.0,	NaN,	299.761,	2.656
73.32329,	10.291,	9.597,	308.141,	56.212,	43.775,	306.609,	0.0,	0.0,	0.0,	NaN,	300.233,	0.0,	0.0,	0.0,	NaN,	299.761,	2.667
73.45686,	9.647,	8.995,	308.141,	56.257,	43.726,	306.609,	0.0,	0.0,	0.0,	NaN,	300.237,	0.0,	0.0,	0.0,	NaN,	299.758,	2.667
73.589966,	9.586,	8.967,	308.141,	56.275,	43.592,	306.609,	0.0,	0.0,	0.0,	NaN,	300.233,	0.0,	0.0,	0.0,	NaN,	299.758,	2.667
73.72595,	11.296,	10.615,	308.143,	56.262,	43.524,	306.609,	0.0,	0.0,	0.0,	NaN,	300.233,	0.0,	0.0,	0.0,	NaN,	299.761,	2.667
73.862724,	11.441,	10.727,	308.143,	56.211,	43.632,	306.609,	0.0,	0.0,	0.0,	NaN,	300.233,	0.0,	0.0,	0.0,	NaN,	299.758,	2.667
73.99003,	10.502,	9.8,	308.143,	56.205,	43.762,	306.609,	0.0,	0.0,	0.0,	NaN,	300.23,	0.0,	0.0,	0.0,	NaN,	299.758,	2.667
74.12749,	9.743,	9.081,	308.143,	56.234,	43.745,	306.609,	0.0,	0.0,	0.0,	NaN,	300.233,	0.0,	0.0,	0.0,	NaN,	299.758,	2.667
74.25666,	9.515,	8.891,	308.141,	56.274,	43.624,	306.609,	0.0,	0.0,	0.0,	NaN,	300.233,	0.0,	0.0,	0.0,	NaN,	299.758,	2.667
74.387695,	11.161,	10.493,	308.141,	56.271,	43.509,	306.609,	0.0,	0.0,	0.0,	NaN,	300.233,	0.0,	0.0,	0.0,	NaN,	299.758,	2.667
74.52365,	11.459,	10.751,	308.141,	56.224,	43.605,	306.609,	0.0,	0.0,	0.0,	NaN,	300.233,	0.0,	0.0,	0.0,	NaN,	299.758,	2.667
74.65926,	10.745,	10.038,	308.141,	56.202,	43.742,	306.609,	0.0,	0.0,	0.0,	NaN,	300.233,	0.0,	0.0,	0.0,	NaN,	299.758,	2.667
74.78869,	9.85,	9.178,	308.139,	56.221,	43.762,	306.609,	0.0,	0.0,	0.0,	NaN,	300.23,	0.0,	0.0,	0.0,	NaN,	299.754,	2.667
74.921936,	9.51,	8.883,	308.139,	56.262,	43.636,	306.609,	0.0,	0.0,	0.0,	NaN,	300.23,	0.0,	0.0,	0.0,	NaN,	299.754,	2.667
75.056816,	10.929,	10.282,	308.139,	56.278,	43.508,	306.609,	0.0,	0.0,	0.0,	NaN,	300.233,	0.0,	0.0,	0.0,	NaN,	299.754,	2.633
75.19112,	11.434,	10.732,	308.139,	56.249,	43.56,	306.609,	0.0,	0.0,	0.0,	NaN,	300.233,	0.0,	0.0,	0.0,	NaN,	299.751,	2.633
75.32139,	10.955,	10.238,	308.136,	56.206,	43.719,	306.609,	0.0,	0.0,	0.0,	NaN,	300.23,	0.0,	0.0,	0.0,	NaN,	299.751,	2.633
75.46281,	9.978,	9.296,	308.136,	56.206,	43.769,	306.613,	0.0,	0.0,	0.0,	NaN,	300.23,	0.0,	0.0,	0.0,	NaN,	299.751,	2.633
75.589424,	9.531,	8.895,	308.136,	56.246,	43.666,	306.613,	0.0,	0.0,	0.0,	NaN,	300.226,	0.0,	0.0,	0.0,	NaN,	299.747,	2.633
75.7274,	10.567,	9.956,	308.134,	56.275,	43.513,	306.613,	0.0,	0.0,	0.0,	NaN,	300.226,	0.0,	0.0,	0.0,	NaN,	299.747,	2.632
75.860016,	11.426,	10.727,	308.134,	56.258,	43.553,	306.613,	0.0,	0.0,	0.0,	NaN,	300.226,	0.0,	0.0,	0.0,	NaN,	299.751,	2.633
75.991325,	11.331,	10.606,	308.134,	56.218,	43.671,	306.611,	0.0,	0.0,	0.0,	NaN,	300.226,	0.0,	0.0,	0.0,	NaN,	299.751,	2.632
76.13494,	10.126,	9.437,	308.134,	56.203,	43.773,	306.611,	0.0,	0.0,	0.0,	NaN,	300.226,	0.0,	0.0,	0.0,	NaN,	299.747,	2.633
76.26564,	9.586,	8.941,	308.134,	56.232,	43.694,	306.611,	0.0,	0.0,	0.0,	NaN,	300.226,	0.0,	0.0,	0.0,	NaN,	299.751,	2.633
76.39654,	9.661,	9.049,	308.134,	56.269,	43.53,	306.611,	0.0,	0.0,	0.0,	NaN,	300.223,	0.0,	0.0,	0.0,	NaN,	299.751,	2.633
76.52309,	11.387,	10.695,	308.134,	56.27,	43.53,	306.613,	0.0,	0.0,	0.0,	NaN,	300.223,	0.0,	0.0,	0.0,	NaN,	299.751,	2.633
76.66287,	11.384,	10.663,	308.134,	56.226,	43.661,	306.613,	0.0,	0.0,	0.0,	NaN,	300.223,	0.0,	0.0,	0.0,	NaN,	299.751,	2.633
76.79129,	10.301,	9.606,	308.139,	56.197,	43.764,	306.613,	0.0,	0.0,	0.0,	NaN,	300.223,	0.0,	0.0,	0.0,	NaN,	299.751,	2.67
76.9555,	9.615,	8.966,	308.139,	56.224,	43.705,	306.611,	0.0,	0.0,	0.0,	NaN,	300.223,	0.0,	0.0,	0.0,	NaN,	299.754,	2.67
77.088196,	9.723,	9.119,	308.139,	56.265,	43.521,	306.611,	0.0,	0.0,	0.0,	NaN,	300.219,	0.0,	0.0,	0.0,	NaN,	299.751,	2.67
77.222694,	11.364,	10.676,	308.139,	56.27,	43.521,	306.611,	0.0,	0.0,	0.0,	NaN,	300.219,	0.0,	0.0,	0.0,	NaN,	299.754,	2.67
77.35251,	11.353,	10.629,	308.136,	56.229,	43.665,	306.611,	0.0,	0.0,	0.0,	NaN,	300.219,	0.0,	0.0,	0.0,	NaN,	299.751,	2.67
77.489944,	10.377,	9.679,	308.136,	56.2,	43.764,	306.609,	0.0,	0.0,	0.0,	NaN,	300.219,	0.0,	0.0,	0.0,	NaN,	299.751,	2.67
77.61535,	9.696,	9.039,	308.136,	56.21,	43.729,	306.609,	0.0,	0.0,	0.0,	NaN,	300.219,	0.0,	0.0,	0.0,	NaN,	299.751,	2.67
77.75191,	9.642,	9.027,	308.136,	56.251,	43.574,	306.609,	0.0,	0.0,	0.0,	NaN,	300.219,	0.0,	0.0,	0.0,	NaN,	299.751,	2.67
77.88266,	11.271,	10.593,	308.139,	56.274,	43.505,	306.609,	0.0,	0.0,	0.0,	NaN,	300.219,	0.0,	0.0,	0.0,	NaN,	299.751,	2.67
78.01377,	11.468,	10.756,	308.139,	56.25,	43.618,	306.609,	0.0,	0.0,	0.0,	NaN,	300.216,	0.0,	0.0,	0.0,	NaN,	299.751,	2.67
78.14004,	10.599,	9.894,	308.139,	56.205,	43.748,	306.609,	0.0,	0.0,	0.0,	NaN,	300.219,	0.0,	0.0,	0.0,	NaN,	299.754,	2.67
78.27356,	9.86,	9.187,	308.139,	56.199,	43.756,	306.609,	0.0,	0.0,	0.0,	NaN,	300.219,	0.0,	0.0,	0.0,	NaN,	299.754,	2.67
78.40274,	9.522,	8.893,	308.141,	56.226,	43.626,	306.609,	0.0,	0.0,	0.0,	NaN,	300.219,	0.0,	0.0,	0.0,	NaN,	299.751,	2.67
78.53222,	10.943,	10.293,	308.141,	56.269,	43.498,	306.609,	0.0,	0.0,	0.0,	NaN,	300.219,	0.0,	0.0,	0.0,	NaN,	299.754,	2.621
78.68205,	11.469,	10.762,	308.141,	56.263,	43.59,	306.609,	0.0,	0.0,	0.0,	NaN,	300.219,	0.0,	0.0,	0.0,	NaN,	299.751,	2.621
78.81342,	10.832,	10.123,	308.141,	56.217,	43.73,	306.609,	0.0,	0.0,	0.0,	NaN,	300.223,	0.0,	0.0,	0.0,	NaN,	299.754,	2.621
78.94136,	9.984,	9.302,	308.143,	56.194,	43.764,	306.609,	0.0,	0.0,	0.0,	NaN,	300.223,	0.0,	0.0,	0.0,	NaN,	299.754,	2.621
79.06539,	9.539,	8.903,	308.143,	56.214,	43.658,	306.609,	0.0,	0.0,	0.0,	NaN,	300.223,	0.0,	0.0,	0.0,	NaN,	299.754,	2.621
79.19566,	10.585,	9.972,	308.143,	56.254,	43.506,	306.609,	0.0,	0.0,	0.0,	NaN,	300.223,	0.0,	0.0,	0.0,	NaN,	299.751,	2.621
79.328445,	11.432,	10.733,	308.143,	56.271,	43.551,	306.609,	0.0,	0.0,	0.0,	NaN,	300.223,	0.0,	0.0,	0.0,	NaN,	299.751,	2.621
79.46109,	11.2,	10.469,	308.145,	56.239,	43.687,	306.609,	0.0,	0.0,	0.0,	NaN,	300.223,	0.0,	0.0,	0.0,	NaN,	299.754,	2.621
79.59699,	10.131,	9.441,	308.145,	56.198,	43.768,	306.609,	0.0,	0.0,	0.0,	NaN,	300.223,	0.0,	0.0,	0.0,	NaN,	299.754,	2.622
79.72394,	9.593,	8.948,	308.145,	56.203,	43.69,	306.609,	0.0,	0.0,	0.0,	NaN,	300.223,	0.0,	0.0,	0.0,	NaN,	299.754,	2.621
79.85494,	9.675,	9.064,	308.147,	56.242,	43.522,	306.609,	0.0,	0.0,	0.0,	NaN,	300.223,	0.0,	0.0,	0.0,	NaN,	299.754,	2.622
79.9925,	11.393,	10.701,	308.147,	56.269,	43.526,	306.609,	0.0,	0.0,	0.0,	NaN,	300.223,	0.0,	0.0,	0.0,	NaN,	299.754,	2.621
80.12223,	11.438,	10.721,	308.147,	56.259,	43.638,	306.613,	0.0,	0.0,	0.0,	NaN,	300.223,	0.0,	0.0,	0.0,	NaN,	299.754,	2.621
80.252846,	10.427,	9.727,	308.147,	56.214,	43.755,	306.613,	0.0,	0.0,	0.0,	NaN,	300.223,	0.0,	0.0,	0.0,	NaN,	299.751,	2.68
80.382195,	9.721,	9.061,	308.145,	56.195,	43.728,	306.613,	0.0,	0.0,	0.0,	NaN,	300.223,	0.0,	0.0,	0.0,	NaN,	299.754,	2.679
80.52205,	9.618,	8.998,	308.145,	56.221,	43.575,	306.613,	0.0,	0.0,	0.0,	NaN,	300.223,	0.0,	0.0,	0.0,	NaN,	299.751,	2.68
80.65326,	11.253,	10.578,	308.145,	56.26,	43.501,	306.611,	0.0,	0.0,	0.0,	NaN,	300.223,	0.0,	0.0,	0.0,	NaN,	299.751,	2.68
80.78157,	11.479,	10.768,	308.145,	56.27,	43.607,	306.611,	0.0,	0.0,	0.0,	NaN,	300.223,	0.0,	0.0,	0.0,	NaN,	299.751,	2.68
80.91545,	10.661,	9.954,	308.147,	56.23,	43.74,	306.611,	0.0,	0.0,	0.0,	NaN,	300.223,	0.0,	0.0,	0.0,	NaN,	299.751,	2.679
81.044426,	9.824,	9.154,	308.147,	56.194,	43.744,	306.611,	0.0,	0.0,	0.0,	NaN,	300.223,	0.0,	0.0,	0.0,	NaN,	299.751,	2.679
81.17544,	9.529,	8.898,	308.147,	56.202,	43.628,	306.609,	0.0,	0.0,	0.0,	NaN,	300.226,	0.0,	0.0,	0.0,	NaN,	299.751,	2.679
81.29849,	10.885,	10.243,	308.147,	56.249,	43.496,	306.609,	0.0,	0.0,	0.0,	NaN,	300.223,	0.0,	0.0,	0.0,	NaN,	299.751,	2.68
81.42584,	11.447,	10.747,	308.149,	56.272,	43.551,	306.609,	0.0,	0.0,	0.0,	NaN,	300.223,	0.0,	0.0,	0.0,	NaN,	299.747,	2.679
81.55733,	11.173,	10.442,	308.149,	56.255,	43.688,	306.609,	0.0,	0.0,	0.0,	NaN,	300.223,	0.0,	0.0,	0.0,	NaN,	299.751,	2.68
81.68616,	10.116,	9.427,	308.149,	56.211,	43.765,	306.613,	0.0,	0.0,	0.0,	NaN,	300.226,	0.0,	0.0,	0.0,	NaN,	299.747,	2.679
81.8284,	9.559,	8.92,	308.149,	56.192,	43.66,	306.613,	0.0,	0.0,	0.0,	NaN,	300.226,	0.0,	0.0,	0.0,	NaN,	299.747,	2.679
81.95644,	10.5,	9.893,	308.147,	56.23,	43.507,	306.613,	0.0,	0.0,	0.0,	NaN,	300.226,	0.0,	0.0,	0.0,	NaN,	299.747,	2.598
82.09474,	11.437,	10.738,	308.147,	56.262,	43.537,	306.611,	0.0,	0.0,	0.0,	NaN,	300.226,	0.0,	0.0,	0.0,	NaN,	299.747,	2.598
82.22327,	11.269,	10.538,	308.147,	56.262,	43.678,	306.611,	0.0,	0.0,	0.0,	NaN,	300.226,	0.0,	0.0,	0.0,	NaN,	299.744,	2.598
82.368385,	10.18,	9.488,	308.147,	56.218,	43.762,	306.611,	0.0,	0.0,	0.0,	NaN,	300.223,	0.0,	0.0,	0.0,	NaN,	299.744,	2.599
82.498985,	9.619,	8.97,	308.145,	56.19,	43.69,	306.611,	0.0,	0.0,	0.0,	NaN,	300.226,	0.0,	0.0,	0.0,	NaN,	299.744,	2.598
82.63072,	9.789,	9.19,	308.145,	56.213,	43.529,	306.609,	0.0,	0.0,	0.0,	NaN,	300.226,	0.0,	0.0,	0.0,	NaN,	299.744,	2.598
82.75423,	11.348,	10.664,	308.145,	56.249,	43.508,	306.609,	0.0,	0.0,	0.0,	NaN,	300.223,	0.0,	0.0,	0.0,	NaN,	299.744,	2.598
82.884254,	11.466,	10.75,	308.145,	56.267,	43.626,	306.609,	0.0,	0.0,	0.0,	NaN,	300.223,	0.0,	0.0,	0.0,	NaN,	299.747,	2.598
83.01895,	10.492,	9.79,	308.143,	56.24,	43.751,	306.609,	0.0,	0.0,	0.0,	NaN,	300.223,	0.0,	0.0,	0.0,	NaN,	299.747,	2.598
83.15669,	9.758,	9.094,	308.143,	56.193,	43.732,	306.613,	0.0,	0.0,	0.0,	NaN,	300.226,	0.0,	0.0,	0.0,	NaN,	299.747,	2.598
83.28593,	9.605,	8.982,	308.143,	56.196,	43.581,	306.613,	0.0,	0.0,	0.0,	NaN,	300.223,	0.0,	0.0,	0.0,	NaN,	299.747,	2.598
83.41473,	11.226,	10.553,	308.143,	56.235,	43.497,	306.613,	0.0,	0.0,	0.0,	NaN,	300.226,	0.0,	0.0,	0.0,	NaN,	299.747,	2.598
83.54628,	11.493,	10.783,	308.141,	56.267,	43.599,	306.613,	0.0,	0.0,	0.0,	NaN,	300.223,	0.0,	0.0,	0.0,	NaN,	299.747,	2.598
83.67295,	10.87,	10.159,	308.141,	56.254,	43.72,	306.611,	0.0,	0.0,	0.0,	NaN,	300.223,	0.0,	0.0,	0.0,	NaN,	299.744,	2.683
83.80804,	9.935,	9.256,	308.141,	56.21,	43.755,	306.611,	0.0,	0.0,	0.0,	NaN,	300.223,	0.0,	0.0,	0.0,	NaN,	299.744,	2.683
83.93966,	9.544,	8.914,	308.141,	56.19,	43.614,	306.611,	0.0,	0.0,	0.0,	NaN,	300.223,	0.0,	0.0,	0.0,	NaN,	299.747,	2.683
84.0766,	11.006,	10.352,	308.139,	56.219,	43.491,	306.611,	0.0,	0.0,	0.0,	NaN,	300.226,	0.0,	0.0,	0.0,	NaN,	299.744,	2.683
84.21268,	11.481,	10.776,	308.139,	56.259,	43.571,	306.609,	0.0,	0.0,	0.0,	NaN,	300.226,	0.0,	0.0,	0.0,	NaN,	299.744,	2.683
84.37403,	10.675,	9.967,	308.139,	56.254,	43.737,	306.609,	0.0,	0.0,	0.0,	NaN,	300.23,	0.0,	0.0,	0.0,	NaN,	299.744,	2.683
84.50671,	9.838,	9.167,	308.141,	56.209,	43.74,	306.609,	0.0,	0.0,	0.0,	NaN,	300.23,	0.0,	0.0,	0.0,	NaN,	299.744,	2.683
84.63732,	9.543,	8.91,	308.141,	56.189,	43.626,	306.609,	0.0,	0.0,	0.0,	NaN,	300.226,	0.0,	0.0,	0.0,	NaN,	299.74,	2.683
84.76497,	10.897,	10.253,	308.141,	56.209,	43.49,	306.609,	0.0,	0.0,	0.0,	NaN,	300.23,	0.0,	0.0,	0.0,	NaN,	299.744,	2.683
84.89873,	11.477,	10.772,	308.141,	56.251,	43.561,	306.609,	0.0,	0.0,	0.0,	NaN,	300.23,	0.0,	0.0,	0.0,	NaN,	299.744,	2.683
85.03919,	10.901,	10.188,	308.139,	56.263,	43.717,	306.609,	0.0,	0.0,	0.0,	NaN,	300.23,	0.0,	0.0,	0.0,	NaN,	299.744,	2.683
85.18772,	9.956,	9.276,	308.139,	56.224,	43.752,	306.609,	0.0,	0.0,	0.0,	NaN,	300.226,	0.0,	0.0,	0.0,	NaN,	299.744,	2.683
85.31632,	9.549,	8.914,	308.139,	56.188,	43.637,	306.609,	0.0,	0.0,	0.0,	NaN,	300.226,	0.0,	0.0,	0.0,	NaN,	299.744,	2.585
85.44262,	10.762,	10.131,	308.139,	56.201,	43.495,	306.609,	0.0,	0.0,	0.0,	NaN,	300.226,	0.0,	0.0,	0.0,	NaN,	299.744,	2.585
85.57569,	11.467,	10.764,	308.136,	56.242,	43.552,	306.609,	0.0,	0.0,	0.0,	NaN,	300.226,	0.0,	0.0,	0.0,	NaN,	299.744,	2.585
85.71623,	11.119,	10.392,	308.136,	56.264,	43.691,	306.609,	0.0,	0.0,	0.0,	NaN,	300.226,	0.0,	0.0,	0.0,	NaN,	299.74,	2.585
85.849625,	10.092,	9.402,	308.136,	56.24,	43.757,	306.609,	0.0,	0.0,	0.0,	NaN,	300.226,	0.0,	0.0,	0.0,	NaN,	299.744,	2.585
85.976456,	9.59,	8.946,	308.136,	56.195,	43.67,	306.609,	0.0,	0.0,	0.0,	NaN,	300.226,	0.0,	0.0,	0.0,	NaN,	299.744,	2.585
86.1126,	9.801,	9.2,	308.139,	56.189,	43.508,	306.609,	0.0,	0.0,	0.0,	NaN,	300.226,	0.0,	0.0,	0.0,	NaN,	299.744,	2.585
86.274216,	11.474,	10.771,	308.139,	56.235,	43.558,	306.613,	0.0,	0.0,	0.0,	NaN,	300.226,	0.0,	0.0,	0.0,	NaN,	299.744,	2.585
86.40551,	11.059,	10.335,	308.139,	56.258,	43.695,	306.613,	0.0,	0.0,	0.0,	NaN,	300.226,	0.0,	0.0,	0.0,	NaN,	299.744,	2.585
86.5403,	10.151,	9.459,	308.139,	56.244,	43.757,	306.613,	0.0,	0.0,	0.0,	NaN,	300.226,	0.0,	0.0,	0.0,	NaN,	299.744,	2.585
86.66796,	9.611,	8.965,	308.141,	56.202,	43.685,	306.613,	0.0,	0.0,	0.0,	NaN,	300.226,	0.0,	0.0,	0.0,	NaN,	299.744,	2.585
