2.503219,	8.951,	8.399,	308.152,	49.994,	39.682,	306.617,	0.0,	0.0,	0.0,	NaN,	300.039,	0.0,	0.0,	0.0,	NaN,	299.539,	1.848
2.641465,	8.086,	7.595,	308.152,	49.974,	39.843,	306.617,	0.0,	0.0,	0.0,	NaN,	300.035,	0.0,	0.0,	0.0,	NaN,	299.539,	1.848
2.7963626,	7.535,	7.101,	308.152,	49.881,	39.687,	306.617,	0.0,	0.0,	0.0,	NaN,	300.039,	0.0,	0.0,	0.0,	NaN,	299.542,	1.848
2.9279504,	7.739,	7.314,	308.149,	49.872,	39.432,	306.617,	0.0,	0.0,	0.0,	NaN,	300.039,	0.0,	0.0,	0.0,	NaN,	299.542,	1.848
3.0599327,	9.01,	8.469,	308.149,	49.927,	39.469,	306.62,	0.0,	0.0,	0.0,	NaN,	300.039,	0.0,	0.0,	0.0,	NaN,	299.542,	1.848
3.193894,	8.971,	8.419,	308.149,	49.982,	39.661,	306.62,	0.0,	0.0,	0.0,	NaN,	300.039,	0.0,	0.0,	0.0,	NaN,	299.542,	1.848
3.3205042,	8.156,	7.659,	308.149,	49.979,	39.832,	306.62,	0.0,	0.0,	0.0,	NaN,	300.039,	0.0,	0.0,	0.0,	NaN,	299.542,	1.848
3.4612255,	7.567,	7.127,	308.147,	49.903,	39.733,	306.62,	0.0,	0.0,	0.0,	NaN,	300.042,	0.0,	0.0,	0.0,	NaN,	299.542,	1.848
3.6027586,	7.678,	7.252,	308.147,	49.862,	39.469,	306.617,	0.0,	0.0,	0.0,	NaN,	300.042,	0.0,	0.0,	0.0,	NaN,	299.542,	1.845
3.7341642,	8.964,	8.433,	308.147,	49.898,	39.427,	306.617,	0.0,	0.0,	0.0,	NaN,	300.039,	0.0,	0.0,	0.0,	NaN,	299.542,	1.846
3.8617074,	8.996,	8.444,	308.147,	49.963,	39.61,	306.617,	0.0,	0.0,	0.0,	NaN,	300.039,	0.0,	0.0,	0.0,	NaN,	299.542,	1.846
3.9880962,	8.357,	7.844,	308.149,	49.987,	39.808,	306.617,	0.0,	0.0,	0.0,	NaN,	300.039,	0.0,	0.0,	0.0,	NaN,	299.542,	1.846
4.120058,	7.651,	7.2,	308.149,	49.934,	39.787,	306.615,	0.0,	0.0,	0.0,	NaN,	300.039,	0.0,	0.0,	0.0,	NaN,	299.542,	1.846
4.24706,	7.534,	7.107,	308.149,	49.866,	39.55,	306.615,	0.0,	0.0,	0.0,	NaN,	300.042,	0.0,	0.0,	0.0,	NaN,	299.542,	1.846
4.378648,	8.747,	8.248,	308.152,	49.868,	39.388,	306.615,	0.0,	0.0,	0.0,	NaN,	300.042,	0.0,	0.0,	0.0,	NaN,	299.542,	1.846
4.509239,	9.004,	8.455,	308.152,	49.935,	39.563,	306.615,	0.0,	0.0,	0.0,	NaN,	300.042,	0.0,	0.0,	0.0,	NaN,	299.542,	1.846
4.650834,	8.551,	8.021,	308.152,	49.982,	39.773,	306.613,	0.0,	0.0,	0.0,	NaN,	300.042,	0.0,	0.0,	0.0,	NaN,	299.542,	1.846
4.786643,	7.729,	7.269,	308.152,	49.956,	39.812,	306.613,	0.0,	0.0,	0.0,	NaN,	300.042,	0.0,	0.0,	0.0,	NaN,	299.539,	1.846
4.9185886,	7.513,	7.085,	308.154,	49.881,	39.605,	306.613,	0.0,	0.0,	0.0,	NaN,	300.046,	0.0,	0.0,	0.0,	NaN,	299.539,	1.846
5.0450416,	8.481,	8.027,	308.154,	49.858,	39.387,	306.613,	0.0,	0.0,	0.0,	NaN,	300.046,	0.0,	0.0,	0.0,	NaN,	299.539,	1.846
5.1829205,	9.009,	8.462,	308.154,	49.905,	39.513,	306.611,	0.0,	0.0,	0.0,	NaN,	300.046,	0.0,	0.0,	0.0,	NaN,	299.539,	1.846
5.31231,	8.768,	8.221,	308.154,	49.97,	39.733,	306.611,	0.0,	0.0,	0.0,	NaN,	300.046,	0.0,	0.0,	0.0,	NaN,	299.539,	1.848
5.456272,	7.835,	7.365,	308.156,	49.97,	39.823,	306.611,	0.0,	0.0,	0.0,	NaN,	300.046,	0.0,	0.0,	0.0,	NaN,	299.539,	1.848
5.586029,	7.52,	7.088,	308.156,	49.903,	39.651,	306.613,	0.0,	0.0,	0.0,	NaN,	300.049,	0.0,	0.0,	0.0,	NaN,	299.539,	1.847
5.716571,	7.822,	7.402,	308.156,	49.85,	39.405,	306.613,	0.0,	0.0,	0.0,	NaN,	300.046,	0.0,	0.0,	0.0,	NaN,	299.542,	1.847
5.8499155,	9.007,	8.465,	308.156,	49.879,	39.466,	306.613,	0.0,	0.0,	0.0,	NaN,	300.046,	0.0,	0.0,	0.0,	NaN,	299.539,	1.847
5.9935217,	8.895,	8.345,	308.158,	49.95,	39.686,	306.613,	0.0,	0.0,	0.0,	NaN,	300.049,	0.0,	0.0,	0.0,	NaN,	299.539,	1.847
6.124161,	7.973,	7.492,	308.158,	49.972,	39.82,	306.611,	0.0,	0.0,	0.0,	NaN,	300.046,	0.0,	0.0,	0.0,	NaN,	299.542,	1.847
6.2599735,	7.529,	7.095,	308.158,	49.916,	39.665,	306.611,	0.0,	0.0,	0.0,	NaN,	300.049,	0.0,	0.0,	0.0,	NaN,	299.542,	1.847
6.3944273,	7.73,	7.306,	308.158,	49.85,	39.41,	306.611,	0.0,	0.0,	0.0,	NaN,	300.049,	0.0,	0.0,	0.0,	NaN,	299.542,	1.848
6.561379,	9.008,	8.462,	308.16,	49.878,	39.498,	306.611,	0.0,	0.0,	0.0,	NaN,	300.049,	0.0,	0.0,	0.0,	NaN,	299.542,	1.847
6.693214,	8.871,	8.322,	308.16,	49.936,	39.69,	306.613,	0.0,	0.0,	0.0,	NaN,	300.053,	0.0,	0.0,	0.0,	NaN,	299.542,	1.847
6.824793,	7.848,	7.377,	308.16,	49.971,	39.813,	306.613,	0.0,	0.0,	0.0,	NaN,	300.049,	0.0,	0.0,	0.0,	NaN,	299.542,	1.847
6.962083,	7.538,	7.102,	308.16,	49.932,	39.679,	306.613,	0.0,	0.0,	0.0,	NaN,	300.053,	0.0,	0.0,	0.0,	NaN,	299.539,	1.848
7.0870414,	7.781,	7.359,	308.162,	49.854,	39.42,	306.613,	0.0,	0.0,	0.0,	NaN,	300.053,	0.0,	0.0,	0.0,	NaN,	299.542,	1.841
7.218209,	8.986,	8.449,	308.162,	49.852,	39.428,	306.611,	0.0,	0.0,	0.0,	NaN,	300.053,	0.0,	0.0,	0.0,	NaN,	299.542,	1.841
7.349448,	8.947,	8.396,	308.162,	49.907,	39.64,	306.611,	0.0,	0.0,	0.0,	NaN,	300.053,	0.0,	0.0,	0.0,	NaN,	299.542,	1.841
7.4791064,	8.1,	7.608,	308.165,	49.964,	39.807,	306.611,	0.0,	0.0,	0.0,	NaN,	300.053,	0.0,	0.0,	0.0,	NaN,	299.539,	1.841
7.6172667,	7.574,	7.132,	308.165,	49.946,	39.721,	306.611,	0.0,	0.0,	0.0,	NaN,	300.056,	0.0,	0.0,	0.0,	NaN,	299.542,	1.841
7.7443705,	7.619,	7.195,	308.165,	49.873,	39.462,	306.613,	0.0,	0.0,	0.0,	NaN,	300.056,	0.0,	0.0,	0.0,	NaN,	299.542,	1.841
7.8851137,	8.924,	8.399,	308.165,	49.839,	39.389,	306.613,	0.0,	0.0,	0.0,	NaN,	300.056,	0.0,	0.0,	0.0,	NaN,	299.542,	1.841
8.016267,	8.981,	8.431,	308.167,	49.882,	39.592,	306.613,	0.0,	0.0,	0.0,	NaN,	300.053,	0.0,	0.0,	0.0,	NaN,	299.542,	1.841
8.147825,	8.299,	7.791,	308.167,	49.945,	39.783,	306.613,	0.0,	0.0,	0.0,	NaN,	300.056,	0.0,	0.0,	0.0,	NaN,	299.542,	1.841
8.274027,	7.627,	7.178,	308.167,	49.957,	39.752,	306.615,	0.0,	0.0,	0.0,	NaN,	300.056,	0.0,	0.0,	0.0,	NaN,	299.542,	1.841
8.411284,	7.536,	7.111,	308.167,	49.895,	39.508,	306.615,	0.0,	0.0,	0.0,	NaN,	300.056,	0.0,	0.0,	0.0,	NaN,	299.542,	1.841
8.550005,	8.795,	8.29,	308.165,	49.836,	39.363,	306.615,	0.0,	0.0,	0.0,	NaN,	300.056,	0.0,	0.0,	0.0,	NaN,	299.546,	1.841
8.67715,	8.996,	8.447,	308.165,	49.855,	39.541,	306.613,	0.0,	0.0,	0.0,	NaN,	300.056,	0.0,	0.0,	0.0,	NaN,	299.546,	1.841
8.80995,	8.495,	7.97,	308.165,	49.923,	39.753,	306.613,	0.0,	0.0,	0.0,	NaN,	300.056,	0.0,	0.0,	0.0,	NaN,	299.546,	1.846
8.943325,	7.701,	7.244,	308.165,	49.959,	39.776,	306.613,	0.0,	0.0,	0.0,	NaN,	300.056,	0.0,	0.0,	0.0,	NaN,	299.546,	1.846
9.081486,	7.51,	7.083,	308.167,	49.916,	39.558,	306.613,	0.0,	0.0,	0.0,	NaN,	300.056,	0.0,	0.0,	0.0,	NaN,	299.549,	1.845
9.21718,	8.557,	8.092,	308.167,	49.841,	39.351,	306.611,	0.0,	0.0,	0.0,	NaN,	300.056,	0.0,	0.0,	0.0,	NaN,	299.549,	1.846
9.34328,	9.006,	8.459,	308.167,	49.836,	39.493,	306.611,	0.0,	0.0,	0.0,	NaN,	300.056,	0.0,	0.0,	0.0,	NaN,	299.549,	1.845
9.475191,	8.717,	8.174,	308.167,	49.895,	39.712,	306.611,	0.0,	0.0,	0.0,	NaN,	300.056,	0.0,	0.0,	0.0,	NaN,	299.549,	1.845
9.608361,	7.88,	7.407,	308.165,	49.947,	39.794,	306.611,	0.0,	0.0,	0.0,	NaN,	300.056,	0.0,	0.0,	0.0,	NaN,	299.553,	1.845
9.736648,	7.526,	7.092,	308.165,	49.944,	39.64,	306.609,	0.0,	0.0,	0.0,	NaN,	300.056,	0.0,	0.0,	0.0,	NaN,	299.549,	1.845
9.877096,	7.726,	7.302,	308.165,	49.871,	39.387,	306.609,	0.0,	0.0,	0.0,	NaN,	300.056,	0.0,	0.0,	0.0,	NaN,	299.546,	1.846
10.001837,	9.002,	8.463,	308.165,	49.822,	39.418,	306.609,	0.0,	0.0,	0.0,	NaN,	300.056,	0.0,	0.0,	0.0,	NaN,	299.549,	1.845
10.129124,	8.923,	8.373,	308.162,	49.857,	39.636,	306.609,	0.0,	0.0,	0.0,	NaN,	300.06,	0.0,	0.0,	0.0,	NaN,	299.549,	1.845
10.260639,	8.034,	7.548,	308.162,	49.927,	39.791,	306.613,	0.0,	0.0,	0.0,	NaN,	300.056,	0.0,	0.0,	0.0,	NaN,	299.549,	1.845
10.395961,	7.559,	7.119,	308.162,	49.949,	39.684,	306.613,	0.0,	0.0,	0.0,	NaN,	300.056,	0.0,	0.0,	0.0,	NaN,	299.553,	1.845
10.535037,	7.667,	7.242,	308.162,	49.894,	39.419,	306.613,	0.0,	0.0,	0.0,	NaN,	300.056,	0.0,	0.0,	0.0,	NaN,	299.549,	1.837
10.660805,	8.96,	8.43,	308.165,	49.825,	39.376,	306.613,	0.0,	0.0,	0.0,	NaN,	300.056,	0.0,	0.0,	0.0,	NaN,	299.549,	1.837
10.802634,	8.974,	8.423,	308.165,	49.836,	39.583,	306.615,	0.0,	0.0,	0.0,	NaN,	300.056,	0.0,	0.0,	0.0,	NaN,	299.553,	1.837
10.935293,	8.224,	7.723,	308.165,	49.9,	39.771,	306.615,	0.0,	0.0,	0.0,	NaN,	300.056,	0.0,	0.0,	0.0,	NaN,	299.553,	1.837
11.065238,	7.607,	7.161,	308.165,	49.947,	39.718,	306.615,	0.0,	0.0,	0.0,	NaN,	300.056,	0.0,	0.0,	0.0,	NaN,	299.553,	1.837
11.195095,	7.527,	7.102,	308.162,	49.923,	39.5,	306.615,	0.0,	0.0,	0.0,	NaN,	300.056,	0.0,	0.0,	0.0,	NaN,	299.553,	1.837
11.318493,	8.744,	8.247,	308.162,	49.846,	39.333,	306.617,	0.0,	0.0,	0.0,	NaN,	300.056,	0.0,	0.0,	0.0,	NaN,	299.553,	1.837
11.448364,	9.0,	8.451,	308.162,	49.816,	39.504,	306.617,	0.0,	0.0,	0.0,	NaN,	300.056,	0.0,	0.0,	0.0,	NaN,	299.549,	1.837
11.5760975,	8.551,	8.021,	308.162,	49.864,	39.721,	306.617,	0.0,	0.0,	0.0,	NaN,	300.056,	0.0,	0.0,	0.0,	NaN,	299.553,	1.837
11.71957,	7.724,	7.265,	308.165,	49.93,	39.76,	306.617,	0.0,	0.0,	0.0,	NaN,	300.053,	0.0,	0.0,	0.0,	NaN,	299.553,	1.837
11.850212,	7.508,	7.08,	308.165,	49.936,	39.55,	306.615,	0.0,	0.0,	0.0,	NaN,	300.053,	0.0,	0.0,	0.0,	NaN,	299.549,	1.837
11.989699,	8.476,	8.024,	308.165,	49.872,	39.33,	306.615,	0.0,	0.0,	0.0,	NaN,	300.053,	0.0,	0.0,	0.0,	NaN,	299.553,	1.837
12.118933,	9.009,	8.462,	308.165,	49.816,	39.456,	306.615,	0.0,	0.0,	0.0,	NaN,	300.056,	0.0,	0.0,	0.0,	NaN,	299.553,	1.837
12.253974,	8.768,	8.222,	308.167,	49.839,	39.676,	306.615,	0.0,	0.0,	0.0,	NaN,	300.053,	0.0,	0.0,	0.0,	NaN,	299.549,	1.842
12.392317,	7.832,	7.362,	308.167,	49.907,	39.769,	306.613,	0.0,	0.0,	0.0,	NaN,	300.056,	0.0,	0.0,	0.0,	NaN,	299.549,	1.842
12.519604,	7.517,	7.086,	308.167,	49.938,	39.597,	306.613,	0.0,	0.0,	0.0,	NaN,	300.056,	0.0,	0.0,	0.0,	NaN,	299.553,	1.842
12.649566,	7.813,	7.394,	308.165,	49.896,	39.348,	306.613,	0.0,	0.0,	0.0,	NaN,	300.056,	0.0,	0.0,	0.0,	NaN,	299.553,	1.842
12.782307,	9.01,	8.467,	308.165,	49.822,	39.409,	306.613,	0.0,	0.0,	0.0,	NaN,	300.056,	0.0,	0.0,	0.0,	NaN,	299.553,	1.842
12.905987,	8.941,	8.39,	308.165,	49.814,	39.601,	306.611,	0.0,	0.0,	0.0,	NaN,	300.056,	0.0,	0.0,	0.0,	NaN,	299.549,	1.842
13.036011,	8.078,	7.589,	308.165,	49.87,	39.765,	306.611,	0.0,	0.0,	0.0,	NaN,	300.056,	0.0,	0.0,	0.0,	NaN,	299.553,	1.842
13.171855,	7.568,	7.128,	308.162,	49.93,	39.668,	306.611,	0.0,	0.0,	0.0,	NaN,	300.06,	0.0,	0.0,	0.0,	NaN,	299.553,	1.842
13.306413,	7.634,	7.21,	308.162,	49.922,	39.41,	306.611,	0.0,	0.0,	0.0,	NaN,	300.06,	0.0,	0.0,	0.0,	NaN,	299.553,	1.842
13.437376,	8.943,	8.416,	308.162,	49.85,	39.345,	306.609,	0.0,	0.0,	0.0,	NaN,	300.06,	0.0,	0.0,	0.0,	NaN,	299.553,	1.842
13.568107,	8.981,	8.43,	308.162,	49.804,	39.55,	306.609,	0.0,	0.0,	0.0,	NaN,	300.06,	0.0,	0.0,	0.0,	NaN,	299.553,	1.842
13.702417,	8.276,	7.77,	308.165,	49.842,	39.74,	306.609,	0.0,	0.0,	0.0,	NaN,	300.06,	0.0,	0.0,	0.0,	NaN,	299.553,	1.842
13.832962,	7.62,	7.173,	308.165,	49.908,	39.703,	306.609,	0.0,	0.0,	0.0,	NaN,	300.06,	0.0,	0.0,	0.0,	NaN,	299.553,	1.842
13.973055,	7.593,	7.17,	308.165,	49.924,	39.423,	306.609,	0.0,	0.0,	0.0,	NaN,	300.063,	0.0,	0.0,	0.0,	NaN,	299.556,	1.836
14.107985,	8.825,	8.316,	308.165,	49.874,	39.315,	306.609,	0.0,	0.0,	0.0,	NaN,	300.063,	0.0,	0.0,	0.0,	NaN,	299.556,	1.836
14.23752,	8.999,	8.448,	308.162,	49.804,	39.5,	306.609,	0.0,	0.0,	0.0,	NaN,	300.063,	0.0,	0.0,	0.0,	NaN,	299.553,	1.836
14.3773155,	8.473,	7.951,	308.162,	49.819,	39.708,	306.609,	0.0,	0.0,	0.0,	NaN,	300.063,	0.0,	0.0,	0.0,	NaN,	299.556,	1.836
14.5058155,	7.691,	7.235,	308.162,	49.885,	39.728,	306.609,	0.0,	0.0,	0.0,	NaN,	300.063,	0.0,	0.0,	0.0,	NaN,	299.553,	1.836
14.634424,	7.514,	7.087,	308.162,	49.929,	39.502,	306.609,	0.0,	0.0,	0.0,	NaN,	300.067,	0.0,	0.0,	0.0,	NaN,	299.553,	1.836
14.770277,	8.604,	8.133,	308.16,	49.894,	39.303,	306.609,	0.0,	0.0,	0.0,	NaN,	300.067,	0.0,	0.0,	0.0,	NaN,	299.553,	1.836
14.912038,	9.004,	8.455,	308.16,	49.809,	39.475,	306.609,	0.0,	0.0,	0.0,	NaN,	300.07,	0.0,	0.0,	0.0,	NaN,	299.553,	1.836
15.049057,	8.551,	8.021,	308.16,	49.808,	39.69,	306.609,	0.0,	0.0,	0.0,	NaN,	300.067,	0.0,	0.0,	0.0,	NaN,	299.553,	1.836
15.178204,	7.724,	7.265,	308.16,	49.865,	39.729,	306.609,	0.0,	0.0,	0.0,	NaN,	300.07,	0.0,	0.0,	0.0,	NaN,	299.549,	1.836
15.312247,	7.511,	7.083,	308.158,	49.921,	39.518,	306.609,	0.0,	0.0,	0.0,	NaN,	300.07,	0.0,	0.0,	0.0,	NaN,	299.553,	1.836
15.43976,	7.755,	7.332,	308.158,	49.912,	39.313,	306.609,	0.0,	0.0,	0.0,	NaN,	300.074,	0.0,	0.0,	0.0,	NaN,	299.553,	1.836
15.57225,	9.015,	8.468,	308.158,	49.827,	39.424,	306.609,	0.0,	0.0,	0.0,	NaN,	300.07,	0.0,	0.0,	0.0,	NaN,	299.549,	1.835
15.706093,	8.771,	8.225,	308.158,	49.797,	39.648,	306.609,	0.0,	0.0,	0.0,	NaN,	300.07,	0.0,	0.0,	0.0,	NaN,	299.553,	1.835
15.844847,	7.834,	7.363,	308.16,	49.836,	39.737,	306.609,	0.0,	0.0,	0.0,	NaN,	300.07,	0.0,	0.0,	0.0,	NaN,	299.553,	1.834
15.978146,	7.52,	7.088,	308.16,	49.903,	39.565,	306.609,	0.0,	0.0,	0.0,	NaN,	300.074,	0.0,	0.0,	0.0,	NaN,	299.549,	1.834
16.122276,	7.822,	7.402,	308.16,	49.911,	39.297,	306.609,	0.0,	0.0,	0.0,	NaN,	300.074,	0.0,	0.0,	0.0,	NaN,	299.553,	1.835
16.258799,	9.019,	8.473,	308.158,	49.841,	39.402,	306.609,	0.0,	0.0,	0.0,	NaN,	300.074,	0.0,	0.0,	0.0,	NaN,	299.549,	1.834
16.393408,	8.898,	8.348,	308.158,	49.79,	39.593,	306.609,	0.0,	0.0,	0.0,	NaN,	300.07,	0.0,	0.0,	0.0,	NaN,	299.549,	1.834
16.5275,	7.882,	7.409,	308.158,	49.819,	39.733,	306.613,	0.0,	0.0,	0.0,	NaN,	300.074,	0.0,	0.0,	0.0,	NaN,	299.553,	1.835
16.663961,	7.53,	7.096,	308.158,	49.889,	39.577,	306.613,	0.0,	0.0,	0.0,	NaN,	300.074,	0.0,	0.0,	0.0,	NaN,	299.553,	1.835
16.79906,	7.733,	7.309,	308.156,	49.913,	39.32,	306.613,	0.0,	0.0,	0.0,	NaN,	300.074,	0.0,	0.0,	0.0,	NaN,	299.553,	1.834
16.925125,	9.012,	8.472,	308.156,	49.866,	39.355,	306.613,	0.0,	0.0,	0.0,	NaN,	300.074,	0.0,	0.0,	0.0,	NaN,	299.556,	1.834
17.058846,	8.929,	8.378,	308.156,	49.793,	39.572,	306.611,	0.0,	0.0,	0.0,	NaN,	300.074,	0.0,	0.0,	0.0,	NaN,	299.556,	1.835
17.193905,	8.152,	7.656,	308.156,	49.793,	39.72,	306.611,	0.0,	0.0,	0.0,	NaN,	300.07,	0.0,	0.0,	0.0,	NaN,	299.553,	1.835
17.329416,	7.561,	7.122,	308.158,	49.859,	39.618,	306.611,	0.0,	0.0,	0.0,	NaN,	300.07,	0.0,	0.0,	0.0,	NaN,	299.556,	1.834
17.460745,	7.676,	7.251,	308.158,	49.911,	39.358,	306.609,	0.0,	0.0,	0.0,	NaN,	300.07,	0.0,	0.0,	0.0,	NaN,	299.556,	1.834
17.592352,	8.919,	8.397,	308.158,	49.895,	39.295,	306.609,	0.0,	0.0,	0.0,	NaN,	300.074,	0.0,	0.0,	0.0,	NaN,	299.556,	1.835
17.722939,	8.996,	8.444,	308.158,	49.819,	39.491,	306.609,	0.0,	0.0,	0.0,	NaN,	300.074,	0.0,	0.0,	0.0,	NaN,	299.56,	1.834
17.86219,	8.227,	7.724,	308.156,	49.785,	39.707,	306.609,	0.0,	0.0,	0.0,	NaN,	300.074,	0.0,	0.0,	0.0,	NaN,	299.553,	1.834
17.993412,	7.646,	7.196,	308.156,	49.825,	39.678,	306.609,	0.0,	0.0,	0.0,	NaN,	300.07,	0.0,	0.0,	0.0,	NaN,	299.556,	1.834
18.126986,	7.565,	7.141,	308.156,	49.899,	39.401,	306.609,	0.0,	0.0,	0.0,	NaN,	300.07,	0.0,	0.0,	0.0,	NaN,	299.556,	1.834
18.2602,	8.76,	8.262,	308.156,	49.903,	39.267,	306.609,	0.0,	0.0,	0.0,	NaN,	300.07,	0.0,	0.0,	0.0,	NaN,	299.556,	1.834
18.38736,	9.001,	8.45,	308.154,	49.833,	39.467,	306.609,	0.0,	0.0,	0.0,	NaN,	300.074,	0.0,	0.0,	0.0,	NaN,	299.556,	1.835
18.528208,	8.431,	7.912,	308.154,	49.776,	39.674,	306.609,	0.0,	0.0,	0.0,	NaN,	300.07,	0.0,	0.0,	0.0,	NaN,	299.553,	1.834
18.657984,	7.674,	7.22,	308.154,	49.808,	39.679,	306.609,	0.0,	0.0,	0.0,	NaN,	300.07,	0.0,	0.0,	0.0,	NaN,	299.556,	1.834
18.798458,	7.52,	7.094,	308.154,	49.876,	39.45,	306.609,	0.0,	0.0,	0.0,	NaN,	300.07,	0.0,	0.0,	0.0,	NaN,	299.556,	1.834
18.93338,	8.674,	8.191,	308.152,	49.905,	39.259,	306.609,	0.0,	0.0,	0.0,	NaN,	300.067,	0.0,	0.0,	0.0,	NaN,	299.56,	1.834
19.065863,	9.012,	8.463,	308.152,	49.856,	39.417,	306.609,	0.0,	0.0,	0.0,	NaN,	300.07,	0.0,	0.0,	0.0,	NaN,	299.56,	1.831
19.197906,	8.642,	8.103,	308.152,	49.783,	39.637,	306.609,	0.0,	0.0,	0.0,	NaN,	300.07,	0.0,	0.0,	0.0,	NaN,	299.556,	1.831
19.325436,	7.835,	7.365,	308.152,	49.78,	39.702,	306.609,	0.0,	0.0,	0.0,	NaN,	300.07,	0.0,	0.0,	0.0,	NaN,	299.56,	1.831
19.454102,	7.514,	7.084,	308.154,	49.849,	39.495,	306.609,	0.0,	0.0,	0.0,	NaN,	300.07,	0.0,	0.0,	0.0,	NaN,	299.556,	1.831
19.593668,	7.819,	7.399,	308.154,	49.899,	39.259,	306.609,	0.0,	0.0,	0.0,	NaN,	300.07,	0.0,	0.0,	0.0,	NaN,	299.556,	1.831
19.725437,	9.02,	8.474,	308.154,	49.876,	39.366,	306.609,	0.0,	0.0,	0.0,	NaN,	300.07,	0.0,	0.0,	0.0,	NaN,	299.556,	1.831
19.858572,	8.901,	8.351,	308.154,	49.813,	39.561,	306.609,	0.0,	0.0,	0.0,	NaN,	300.074,	0.0,	0.0,	0.0,	NaN,	299.553,	1.831
19.994284,	7.885,	7.411,	308.152,	49.77,	39.695,	306.609,	0.0,	0.0,	0.0,	NaN,	300.074,	0.0,	0.0,	0.0,	NaN,	299.556,	1.831
20.130205,	7.53,	7.096,	308.152,	49.816,	39.54,	306.613,	0.0,	0.0,	0.0,	NaN,	300.07,	0.0,	0.0,	0.0,	NaN,	299.556,	1.832
20.256418,	7.732,	7.307,	308.152,	49.886,	39.286,	306.613,	0.0,	0.0,	0.0,	NaN,	300.07,	0.0,	0.0,	0.0,	NaN,	299.553,	1.831
20.394405,	9.015,	8.474,	308.149,	49.89,	39.32,	306.613,	0.0,	0.0,	0.0,	NaN,	300.074,	0.0,	0.0,	0.0,	NaN,	299.556,	1.831
20.533634,	8.931,	8.38,	308.149,	49.826,	39.538,	306.613,	0.0,	0.0,	0.0,	NaN,	300.074,	0.0,	0.0,	0.0,	NaN,	299.556,	1.831
20.66839,	8.041,	7.554,	308.149,	49.767,	39.691,	306.615,	0.0,	0.0,	0.0,	NaN,	300.074,	0.0,	0.0,	0.0,	NaN,	299.556,	1.831
20.80023,	7.563,	7.123,	308.149,	49.792,	39.582,	306.615,	0.0,	0.0,	0.0,	NaN,	300.074,	0.0,	0.0,	0.0,	NaN,	299.556,	1.832
20.933136,	7.674,	7.249,	308.147,	49.862,	39.322,	306.615,	0.0,	0.0,	0.0,	NaN,	300.077,	0.0,	0.0,	0.0,	NaN,	299.556,	1.832
21.063456,	8.976,	8.445,	308.147,	49.892,	39.273,	306.615,	0.0,	0.0,	0.0,	NaN,	300.077,	0.0,	0.0,	0.0,	NaN,	299.556,	1.832
21.192383,	8.983,	8.432,	308.147,	49.851,	39.485,	306.617,	0.0,	0.0,	0.0,	NaN,	300.074,	0.0,	0.0,	0.0,	NaN,	299.556,	1.832
21.324543,	8.233,	7.73,	308.147,	49.774,	39.672,	306.617,	0.0,	0.0,	0.0,	NaN,	300.077,	0.0,	0.0,	0.0,	NaN,	299.556,	1.832
21.490921,	7.553,	7.115,	308.145,	49.786,	39.565,	306.617,	0.0,	0.0,	0.0,	NaN,	300.077,	0.0,	0.0,	0.0,	NaN,	299.563,	1.832
21.630026,	7.727,	7.297,	308.145,	49.851,	39.303,	306.615,	0.0,	0.0,	0.0,	NaN,	300.077,	0.0,	0.0,	0.0,	NaN,	299.56,	1.832
21.756214,	9.02,	8.479,	308.145,	49.891,	39.276,	306.615,	0.0,	0.0,	0.0,	NaN,	300.077,	0.0,	0.0,	0.0,	NaN,	299.563,	1.832
21.893764,	9.019,	8.457,	308.145,	49.849,	39.488,	306.615,	0.0,	0.0,	0.0,	NaN,	300.077,	0.0,	0.0,	0.0,	NaN,	299.56,	1.832
22.029646,	8.248,	7.734,	308.147,	49.776,	39.669,	306.615,	0.0,	0.0,	0.0,	NaN,	300.081,	0.0,	0.0,	0.0,	NaN,	299.563,	1.832
22.16798,	7.678,	7.216,	308.147,	49.768,	39.604,	306.613,	0.0,	0.0,	0.0,	NaN,	300.081,	0.0,	0.0,	0.0,	NaN,	299.563,	1.832
22.29962,	7.67,	7.225,	308.147,	49.824,	39.346,	306.613,	0.0,	0.0,	0.0,	NaN,	300.081,	0.0,	0.0,	0.0,	NaN,	299.563,	1.832
22.429672,	8.983,	8.445,	308.147,	49.88,	39.239,	306.613,	0.0,	0.0,	0.0,	NaN,	300.081,	0.0,	0.0,	0.0,	NaN,	299.563,	1.83
22.56337,	9.107,	8.536,	308.149,	49.866,	39.435,	306.613,	0.0,	0.0,	0.0,	NaN,	300.081,	0.0,	0.0,	0.0,	NaN,	299.567,	1.828
22.68949,	8.631,	8.081,	308.149,	49.806,	39.621,	306.611,	0.0,	0.0,	0.0,	NaN,	300.081,	0.0,	0.0,	0.0,	NaN,	299.56,	1.828
22.822563,	7.8,	7.319,	308.149,	49.755,	39.631,	306.611,	0.0,	0.0,	0.0,	NaN,	300.081,	0.0,	0.0,	0.0,	NaN,	299.563,	1.828
22.957565,	7.669,	7.212,	308.149,	49.794,	39.39,	306.611,	0.0,	0.0,	0.0,	NaN,	300.084,	0.0,	0.0,	0.0,	NaN,	299.563,	1.829
23.091747,	8.845,	8.326,	308.147,	49.865,	39.219,	306.611,	0.0,	0.0,	0.0,	NaN,	300.084,	0.0,	0.0,	0.0,	NaN,	299.563,	1.828
23.229603,	9.181,	8.603,	308.147,	49.875,	39.382,	306.613,	0.0,	0.0,	0.0,	NaN,	300.084,	0.0,	0.0,	0.0,	NaN,	299.563,	1.828
23.38528,	8.649,	8.095,	308.147,	49.809,	39.622,	306.613,	0.0,	0.0,	0.0,	NaN,	300.084,	0.0,	0.0,	0.0,	NaN,	299.563,	1.828
23.518858,	7.887,	7.394,	308.149,	49.752,	39.634,	306.613,	0.0,	0.0,	0.0,	NaN,	300.084,	0.0,	0.0,	0.0,	NaN,	299.56,	1.828
23.650484,	7.716,	7.249,	308.149,	49.779,	39.405,	306.613,	0.0,	0.0,	0.0,	NaN,	300.084,	0.0,	0.0,	0.0,	NaN,	299.563,	1.828
23.778988,	8.798,	8.287,	308.149,	49.848,	39.206,	306.611,	0.0,	0.0,	0.0,	NaN,	300.088,	0.0,	0.0,	0.0,	NaN,	299.563,	1.828
23.906796,	9.249,	8.665,	308.149,	49.879,	39.33,	306.611,	0.0,	0.0,	0.0,	NaN,	300.084,	0.0,	0.0,	0.0,	NaN,	299.563,	1.828
24.035799,	9.058,	8.469,	308.147,	49.84,	39.548,	306.611,	0.0,	0.0,	0.0,	NaN,	300.091,	0.0,	0.0,	0.0,	NaN,	299.563,	1.828
24.179424,	8.045,	7.533,	308.147,	49.758,	39.645,	306.609,	0.0,	0.0,	0.0,	NaN,	300.088,	0.0,	0.0,	0.0,	NaN,	299.563,	1.827
24.308552,	7.783,	7.3,	308.147,	49.755,	39.485,	306.609,	0.0,	0.0,	0.0,	NaN,	300.091,	0.0,	0.0,	0.0,	NaN,	299.563,	1.827
24.433853,	8.013,	7.541,	308.147,	49.811,	39.231,	306.609,	0.0,	0.0,	0.0,	NaN,	300.088,	0.0,	0.0,	0.0,	NaN,	299.567,	1.827
24.556719,	9.301,	8.715,	308.145,	49.869,	39.278,	306.609,	0.0,	0.0,	0.0,	NaN,	300.091,	0.0,	0.0,	0.0,	NaN,	299.567,	1.827
24.690268,	9.241,	8.64,	308.145,	49.858,	39.496,	306.609,	0.0,	0.0,	0.0,	NaN,	300.091,	0.0,	0.0,	0.0,	NaN,	299.567,	1.827
24.82174,	8.333,	7.792,	308.145,	49.786,	39.644,	306.609,	0.0,	0.0,	0.0,	NaN,	300.091,	0.0,	0.0,	0.0,	NaN,	299.567,	1.827
24.956718,	7.874,	7.376,	308.145,	49.743,	39.523,	306.609,	0.0,	0.0,	0.0,	NaN,	300.088,	0.0,	0.0,	0.0,	NaN,	299.567,	1.827
25.090187,	7.998,	7.513,	308.143,	49.782,	39.257,	306.609,	0.0,	0.0,	0.0,	NaN,	300.091,	0.0,	0.0,	0.0,	NaN,	299.567,	1.827
25.22869,	9.316,	8.731,	308.143,	49.849,	39.229,	306.609,	0.0,	0.0,	0.0,	NaN,	300.091,	0.0,	0.0,	0.0,	NaN,	299.567,	1.827
25.354563,	9.382,	8.774,	308.143,	49.87,	39.412,	306.609,	0.0,	0.0,	0.0,	NaN,	300.091,	0.0,	0.0,	0.0,	NaN,	299.563,	1.827
25.484087,	8.717,	8.144,	308.143,	49.819,	39.608,	306.609,	0.0,	0.0,	0.0,	NaN,	300.088,	0.0,	0.0,	0.0,	NaN,	299.563,	1.827
25.614725,	8.022,	7.505,	308.141,	49.747,	39.578,	306.609,	0.0,	0.0,	0.0,	NaN,	300.091,	0.0,	0.0,	0.0,	NaN,	299.567,	1.827
25.764414,	7.94,	7.446,	308.141,	49.757,	39.294,	306.609,	0.0,	0.0,	0.0,	NaN,	300.088,	0.0,	0.0,	0.0,	NaN,	299.567,	1.827
25.89438,	9.261,	8.682,	308.141,	49.828,	39.188,	306.609,	0.0,	0.0,	0.0,	NaN,	300.088,	0.0,	0.0,	0.0,	NaN,	299.57,	1.826
26.027126,	9.458,	8.842,	308.141,	49.866,	39.385,	306.609,	0.0,	0.0,	0.0,	NaN,	300.088,	0.0,	0.0,	0.0,	NaN,	299.567,	1.826
26.156322,	8.866,	8.278,	308.139,	49.829,	39.587,	306.609,	0.0,	0.0,	0.0,	NaN,	300.091,	0.0,	0.0,	0.0,	NaN,	299.57,	1.826
26.28846,	8.167,	7.631,	308.139,	49.764,	39.596,	306.609,	0.0,	0.0,	0.0,	NaN,	300.091,	0.0,	0.0,	0.0,	NaN,	299.563,	1.826
26.427488,	7.949,	7.445,	308.139,	49.74,	39.34,	306.609,	0.0,	0.0,	0.0,	NaN,	300.088,	0.0,	0.0,	0.0,	NaN,	299.57,	1.826
26.554314,	8.915,	8.384,	308.139,	49.787,	39.163,	306.609,	0.0,	0.0,	0.0,	NaN,	300.088,	0.0,	0.0,	0.0,	NaN,	299.567,	1.826
26.68039,	9.528,	8.908,	308.136,	49.854,	39.301,	306.609,	0.0,	0.0,	0.0,	NaN,	300.088,	0.0,	0.0,	0.0,	NaN,	299.567,	1.826
26.813457,	9.291,	8.666,	308.136,	49.853,	39.52,	306.609,	0.0,	0.0,	0.0,	NaN,	300.091,	0.0,	0.0,	0.0,	NaN,	299.567,	1.826
26.942135,	8.344,	7.787,	308.136,	49.783,	39.599,	306.609,	0.0,	0.0,	0.0,	NaN,	300.088,	0.0,	0.0,	0.0,	NaN,	299.567,	1.826
27.08001,	8.014,	7.494,	308.136,	49.732,	39.421,	306.609,	0.0,	0.0,	0.0,	NaN,	300.088,	0.0,	0.0,	0.0,	NaN,	299.567,	1.826
27.219673,	8.323,	7.667,	308.139,	49.761,	39.169,	306.609,	0.0,	0.0,	0.0,	NaN,	300.088,	0.0,	0.0,	0.0,	NaN,	299.567,	1.826
27.350176,	9.58,	8.958,	308.139,	49.832,	39.246,	306.609,	0.0,	0.0,	0.0,	NaN,	300.088,	0.0,	0.0,	0.0,	NaN,	299.57,	1.825
27.478168,	9.512,	8.877,	308.139,	49.858,	39.465,	306.609,	0.0,	0.0,	0.0,	NaN,	300.088,	0.0,	0.0,	0.0,	NaN,	299.57,	1.826
27.610825,	8.556,	7.979,	308.139,	49.808,	39.591,	306.609,	0.0,	0.0,	0.0,	NaN,	300.091,	0.0,	0.0,	0.0,	NaN,	299.57,	1.822
27.751284,	8.108,	7.574,	308.136,	49.736,	39.46,	306.609,	0.0,	0.0,	0.0,	NaN,	300.091,	0.0,	0.0,	0.0,	NaN,	299.57,	1.822
27.877342,	8.279,	7.761,	308.136,	49.741,	39.195,	306.609,	0.0,	0.0,	0.0,	NaN,	300.091,	0.0,	0.0,	0.0,	NaN,	299.57,	1.822
28.008234,	9.606,	8.984,	308.136,	49.803,	39.191,	306.609,	0.0,	0.0,	0.0,	NaN,	300.091,	0.0,	0.0,	0.0,	NaN,	299.57,	1.822
28.143446,	9.66,	9.016,	308.134,	49.855,	39.407,	306.609,	0.0,	0.0,	0.0,	NaN,	300.088,	0.0,	0.0,	0.0,	NaN,	299.574,	1.822
28.299725,	8.692,	8.101,	308.134,	49.82,	39.578,	306.609,	0.0,	0.0,	0.0,	NaN,	300.088,	0.0,	0.0,	0.0,	NaN,	299.574,	1.822
28.433336,	8.189,	7.643,	308.134,	49.744,	39.46,	306.609,	0.0,	0.0,	0.0,	NaN,	300.091,	0.0,	0.0,	0.0,	NaN,	299.577,	1.822
28.560364,	8.273,	7.744,	308.134,	49.727,	39.195,	306.609,	0.0,	0.0,	0.0,	NaN,	300.088,	0.0,	0.0,	0.0,	NaN,	299.577,	1.822
28.690079,	9.57,	8.955,	308.134,	49.775,	39.143,	306.609,	0.0,	0.0,	0.0,	NaN,	300.088,	0.0,	0.0,	0.0,	NaN,	299.574,	1.822
28.813934,	9.76,	9.109,	308.134,	49.841,	39.347,	306.609,	0.0,	0.0,	0.0,	NaN,	300.088,	0.0,	0.0,	0.0,	NaN,	299.574,	1.822
28.94104,	9.223,	8.592,	308.134,	49.847,	39.524,	306.609,	0.0,	0.0,	0.0,	NaN,	300.088,	0.0,	0.0,	0.0,	NaN,	299.574,	1.822
29.071358,	8.355,	7.788,	308.134,	49.778,	39.509,	306.609,	0.0,	0.0,	0.0,	NaN,	300.084,	0.0,	0.0,	0.0,	NaN,	299.574,	1.822
29.212994,	8.197,	7.656,	308.139,	49.722,	39.263,	306.609,	0.0,	0.0,	0.0,	NaN,	300.088,	0.0,	0.0,	0.0,	NaN,	299.574,	1.821
29.33739,	9.44,	8.839,	308.139,	49.749,	39.101,	306.609,	0.0,	0.0,	0.0,	NaN,	300.088,	0.0,	0.0,	0.0,	NaN,	299.577,	1.821
29.474714,	9.835,	9.179,	308.139,	49.817,	39.285,	306.609,	0.0,	0.0,	0.0,	NaN,	300.088,	0.0,	0.0,	0.0,	NaN,	299.577,	1.821
29.60741,	9.377,	8.731,	308.139,	49.846,	39.498,	306.609,	0.0,	0.0,	0.0,	NaN,	300.088,	0.0,	0.0,	0.0,	NaN,	299.577,	1.821
29.738356,	8.583,	7.991,	308.141,	49.808,	39.535,	306.609,	0.0,	0.0,	0.0,	NaN,	300.088,	0.0,	0.0,	0.0,	NaN,	299.577,	1.821
29.87331,	8.246,	7.694,	308.141,	49.725,	39.304,	306.613,	0.0,	0.0,	0.0,	NaN,	300.091,	0.0,	0.0,	0.0,	NaN,	299.577,	1.821
30.005701,	9.195,	8.627,	308.141,	49.728,	39.088,	306.613,	0.0,	0.0,	0.0,	NaN,	300.088,	0.0,	0.0,	0.0,	NaN,	299.577,	1.821
30.139597,	9.885,	9.229,	308.141,	49.777,	39.195,	306.613,	0.0,	0.0,	0.0,	NaN,	300.091,	0.0,	0.0,	0.0,	NaN,	299.577,	1.821
30.269852,	9.691,	9.021,	308.143,	49.844,	39.444,	306.613,	0.0,	0.0,	0.0,	NaN,	300.088,	0.0,	0.0,	0.0,	NaN,	299.577,	1.821
30.40962,	8.702,	8.097,	308.143,	49.818,	39.525,	306.611,	0.0,	0.0,	0.0,	NaN,	300.091,	0.0,	0.0,	0.0,	NaN,	299.577,	1.821
30.539566,	8.327,	7.762,	308.143,	49.743,	39.343,	306.611,	0.0,	0.0,	0.0,	NaN,	300.091,	0.0,	0.0,	0.0,	NaN,	299.581,	1.821
30.67032,	8.601,	7.909,	308.143,	49.713,	39.088,	306.611,	0.0,	0.0,	0.0,	NaN,	300.091,	0.0,	0.0,	0.0,	NaN,	299.581,	1.821
30.809052,	9.946,	9.286,	308.145,	49.761,	39.164,	306.611,	0.0,	0.0,	0.0,	NaN,	300.091,	0.0,	0.0,	0.0,	NaN,	299.581,	1.821
30.936043,	9.911,	9.234,	308.145,	49.829,	39.385,	306.613,	0.0,	0.0,	0.0,	NaN,	300.091,	0.0,	0.0,	0.0,	NaN,	299.581,	1.821
31.075941,	8.927,	8.302,	308.145,	49.83,	39.511,	306.613,	0.0,	0.0,	0.0,	NaN,	300.091,	0.0,	0.0,	0.0,	NaN,	299.577,	1.816
31.203745,	8.431,	7.851,	308.145,	49.767,	39.376,	306.613,	0.0,	0.0,	0.0,	NaN,	300.091,	0.0,	0.0,	0.0,	NaN,	299.581,	1.816
31.34464,	8.564,	8.003,	308.143,	49.708,	39.11,	306.613,	0.0,	0.0,	0.0,	NaN,	300.091,	0.0,	0.0,	0.0,	NaN,	299.581,	1.816
31.470085,	9.891,	9.243,	308.143,	49.73,	39.081,	306.611,	0.0,	0.0,	0.0,	NaN,	300.091,	0.0,	0.0,	0.0,	NaN,	299.581,	1.816
31.598177,	10.066,	9.384,	308.143,	49.794,	39.29,	306.611,	0.0,	0.0,	0.0,	NaN,	300.094,	0.0,	0.0,	0.0,	NaN,	299.581,	1.816
31.739569,	9.191,	8.546,	308.143,	49.835,	39.49,	306.611,	0.0,	0.0,	0.0,	NaN,	300.091,	0.0,	0.0,	0.0,	NaN,	299.581,	1.816
31.873346,	8.554,	7.958,	308.141,	49.788,	39.401,	306.611,	0.0,	0.0,	0.0,	NaN,	300.091,	0.0,	0.0,	0.0,	NaN,	299.577,	1.816
32.005093,	8.492,	7.92,	308.141,	49.717,	39.14,	306.609,	0.0,	0.0,	0.0,	NaN,	300.094,	0.0,	0.0,	0.0,	NaN,	299.581,	1.816
32.13648,	9.781,	9.146,	308.141,	49.71,	39.037,	306.609,	0.0,	0.0,	0.0,	NaN,	300.094,	0.0,	0.0,	0.0,	NaN,	299.581,	1.816
32.274532,	10.144,	9.457,	308.139,	49.775,	39.256,	306.609,	0.0,	0.0,	0.0,	NaN,	300.088,	0.0,	0.0,	0.0,	NaN,	299.577,	1.816
32.40445,	9.612,	8.939,	308.139,	49.829,	39.436,	306.609,	0.0,	0.0,	0.0,	NaN,	300.091,	0.0,	0.0,	0.0,	NaN,	299.581,	1.816
32.53511,	8.754,	8.136,	308.139,	49.814,	39.439,	306.609,	0.0,	0.0,	0.0,	NaN,	300.088,	0.0,	0.0,	0.0,	NaN,	299.577,	1.816
32.664078,	8.486,	7.903,	308.139,	49.743,	39.208,	306.609,	0.0,	0.0,	0.0,	NaN,	300.088,	0.0,	0.0,	0.0,	NaN,	299.577,	1.816
32.799015,	9.561,	8.954,	308.141,	49.702,	39.004,	306.609,	0.0,	0.0,	0.0,	NaN,	300.088,	0.0,	0.0,	0.0,	NaN,	299.581,	1.812
32.94168,	10.211,	9.521,	308.141,	49.745,	39.187,	306.609,	0.0,	0.0,	0.0,	NaN,	300.088,	0.0,	0.0,	0.0,	NaN,	299.581,	1.812
33.07702,	9.763,	9.077,	308.141,	49.814,	39.4,	306.609,	0.0,	0.0,	0.0,	NaN,	300.088,	0.0,	0.0,	0.0,	NaN,	299.577,	1.812
33.20753,	8.859,	8.23,	308.141,	49.821,	39.423,	306.609,	0.0,	0.0,	0.0,	NaN,	300.088,	0.0,	0.0,	0.0,	NaN,	299.581,	1.812
33.3495,	8.55,	7.957,	308.143,	49.757,	39.206,	306.609,	0.0,	0.0,	0.0,	NaN,	300.088,	0.0,	0.0,	0.0,	NaN,	299.581,	1.812
33.483963,	9.482,	8.885,	308.143,	49.701,	38.991,	306.609,	0.0,	0.0,	0.0,	NaN,	300.091,	0.0,	0.0,	0.0,	NaN,	299.581,	1.812
33.627724,	10.276,	9.583,	308.143,	49.728,	39.149,	306.609,	0.0,	0.0,	0.0,	NaN,	300.088,	0.0,	0.0,	0.0,	NaN,	299.584,	1.812
33.756065,	10.075,	9.369,	308.143,	49.789,	39.342,	306.609,	0.0,	0.0,	0.0,	NaN,	300.088,	0.0,	0.0,	0.0,	NaN,	299.584,	1.812
33.886272,	9.056,	8.409,	308.145,	49.825,	39.421,	306.609,	0.0,	0.0,	0.0,	NaN,	300.088,	0.0,	0.0,	0.0,	NaN,	299.584,	1.812
34.015263,	8.635,	8.03,	308.145,	49.78,	39.237,	306.609,	0.0,	0.0,	0.0,	NaN,	300.088,	0.0,	0.0,	0.0,	NaN,	299.584,	1.812
34.144356,	8.879,	8.298,	308.145,	49.704,	38.985,	306.609,	0.0,	0.0,	0.0,	NaN,	300.088,	0.0,	0.0,	0.0,	NaN,	299.584,	1.812
34.275105,	10.297,	9.609,	308.145,	49.703,	39.06,	306.609,	0.0,	0.0,	0.0,	NaN,	300.091,	0.0,	0.0,	0.0,	NaN,	299.584,	1.812
34.407078,	10.287,	9.579,	308.147,	49.763,	39.279,	306.609,	0.0,	0.0,	0.0,	NaN,	300.088,	0.0,	0.0,	0.0,	NaN,	299.584,	1.812
34.53635,	9.282,	8.62,	308.147,	49.821,	39.408,	306.609,	0.0,	0.0,	0.0,	NaN,	300.091,	0.0,	0.0,	0.0,	NaN,	299.584,	1.811
34.671898,	8.744,	8.125,	308.147,	49.8,	39.269,	306.609,	0.0,	0.0,	0.0,	NaN,	300.091,	0.0,	0.0,	0.0,	NaN,	299.584,	1.811
34.806473,	8.754,	8.158,	308.147,	49.736,	39.031,	306.609,	0.0,	0.0,	0.0,	NaN,	300.091,	0.0,	0.0,	0.0,	NaN,	299.584,	1.811
34.93129,	10.219,	9.546,	308.145,	49.689,	38.972,	306.609,	0.0,	0.0,	0.0,	NaN,	300.091,	0.0,	0.0,	0.0,	NaN,	299.584,	1.811
35.078278,	10.419,	9.708,	308.145,	49.734,	39.212,	306.609,	0.0,	0.0,	0.0,	NaN,	300.091,	0.0,	0.0,	0.0,	NaN,	299.581,	1.812
35.208366,	9.551,	8.871,	308.145,	49.801,	39.381,	306.609,	0.0,	0.0,	0.0,	NaN,	300.091,	0.0,	0.0,	0.0,	NaN,	299.584,	1.811
35.34321,	8.871,	8.239,	308.145,	49.81,	39.292,	306.609,	0.0,	0.0,	0.0,	NaN,	300.091,	0.0,	0.0,	0.0,	NaN,	299.584,	1.812
35.478752,	8.77,	8.167,	308.147,	49.748,	39.028,	306.609,	0.0,	0.0,	0.0,	NaN,	300.094,	0.0,	0.0,	0.0,	NaN,	299.584,	1.812
35.607586,	10.219,	9.548,	308.147,	49.685,	38.938,	306.609,	0.0,	0.0,	0.0,	NaN,	300.091,	0.0,	0.0,	0.0,	NaN,	299.584,	1.812
35.745075,	10.498,	9.786,	308.147,	49.708,	39.141,	306.609,	0.0,	0.0,	0.0,	NaN,	300.091,	0.0,	0.0,	0.0,	NaN,	299.584,	1.811
35.880184,	9.846,	9.151,	308.147,	49.776,	39.341,	306.609,	0.0,	0.0,	0.0,	NaN,	300.094,	0.0,	0.0,	0.0,	NaN,	299.584,	1.812
36.01098,	9.018,	8.37,	308.149,	49.812,	39.309,	306.609,	0.0,	0.0,	0.0,	NaN,	300.094,	0.0,	0.0,	0.0,	NaN,	299.584,	1.811
36.154354,	8.798,	8.188,	308.149,	49.761,	39.023,	306.609,	0.0,	0.0,	0.0,	NaN,	300.091,	0.0,	0.0,	0.0,	NaN,	299.588,	1.803
36.288403,	10.201,	9.533,	308.149,	49.69,	38.903,	306.609,	0.0,	0.0,	0.0,	NaN,	300.094,	0.0,	0.0,	0.0,	NaN,	299.588,	1.803
36.417587,	10.561,	9.846,	308.152,	49.692,	39.101,	306.609,	0.0,	0.0,	0.0,	NaN,	300.094,	0.0,	0.0,	0.0,	NaN,	299.588,	1.802
36.557037,	9.987,	9.283,	308.152,	49.757,	39.307,	306.609,	0.0,	0.0,	0.0,	NaN,	300.094,	0.0,	0.0,	0.0,	NaN,	299.588,	1.803
36.696304,	9.117,	8.46,	308.152,	49.805,	39.297,	306.609,	0.0,	0.0,	0.0,	NaN,	300.091,	0.0,	0.0,	0.0,	NaN,	299.588,	1.803
36.829742,	8.826,	8.206,	308.152,	49.782,	39.054,	306.609,	0.0,	0.0,	0.0,	NaN,	300.091,	0.0,	0.0,	0.0,	NaN,	299.588,	1.802
36.967327,	10.171,	9.508,	308.154,	49.696,	38.871,	306.609,	0.0,	0.0,	0.0,	NaN,	300.091,	0.0,	0.0,	0.0,	NaN,	299.588,	1.802
37.10334,	10.621,	9.905,	308.154,	49.683,	39.06,	306.609,	0.0,	0.0,	0.0,	NaN,	300.094,	0.0,	0.0,	0.0,	NaN,	299.584,	1.802
37.23792,	10.273,	9.547,	308.154,	49.728,	39.25,	306.609,	0.0,	0.0,	0.0,	NaN,	300.091,	0.0,	0.0,	0.0,	NaN,	299.588,	1.803
37.361588,	9.294,	8.623,	308.154,	49.794,	39.297,	306.609,	0.0,	0.0,	0.0,	NaN,	300.091,	0.0,	0.0,	0.0,	NaN,	299.584,	1.803
37.48528,	8.922,	8.288,	308.16,	49.798,	39.118,	306.609,	0.0,	0.0,	0.0,	NaN,	300.088,	0.0,	0.0,	0.0,	NaN,	299.588,	1.803
37.61455,	9.138,	8.533,	308.16,	49.739,	38.862,	306.609,	0.0,	0.0,	0.0,	NaN,	300.084,	0.0,	0.0,	0.0,	NaN,	299.588,	1.803
37.74276,	10.616,	9.91,	308.16,	49.675,	38.934,	306.609,	0.0,	0.0,	0.0,	NaN,	300.088,	0.0,	0.0,	0.0,	NaN,	299.588,	1.803
37.8753,	10.626,	9.898,	308.16,	49.694,	39.161,	306.609,	0.0,	0.0,	0.0,	NaN,	300.088,	0.0,	0.0,	0.0,	NaN,	299.588,	1.804
38.01218,	9.611,	8.921,	308.162,	49.762,	39.291,	306.609,	0.0,	0.0,	0.0,	NaN,	300.088,	0.0,	0.0,	0.0,	NaN,	299.584,	1.804
38.137257,	9.036,	8.389,	308.162,	49.801,	39.15,	306.609,	0.0,	0.0,	0.0,	NaN,	300.088,	0.0,	0.0,	0.0,	NaN,	299.588,	1.804
38.285297,	9.098,	8.481,	308.162,	49.751,	38.853,	306.609,	0.0,	0.0,	0.0,	NaN,	300.091,	0.0,	0.0,	0.0,	NaN,	299.584,	1.804
38.418224,	10.651,	9.947,	308.162,	49.677,	38.897,	306.609,	0.0,	0.0,	0.0,	NaN,	300.088,	0.0,	0.0,	0.0,	NaN,	299.588,	1.804
38.550053,	10.747,	10.019,	308.16,	49.676,	39.089,	306.609,	0.0,	0.0,	0.0,	NaN,	300.091,	0.0,	0.0,	0.0,	NaN,	299.584,	1.804
38.67743,	9.881,	9.176,	308.16,	49.735,	39.262,	306.609,	0.0,	0.0,	0.0,	NaN,	300.088,	0.0,	0.0,	0.0,	NaN,	299.584,	1.804
38.807083,	9.168,	8.508,	308.16,	49.792,	39.172,	306.609,	0.0,	0.0,	0.0,	NaN,	300.088,	0.0,	0.0,	0.0,	NaN,	299.584,	1.804
38.971157,	9.202,	8.586,	308.16,	49.76,	38.838,	306.609,	0.0,	0.0,	0.0,	NaN,	300.084,	0.0,	0.0,	0.0,	NaN,	299.584,	1.804
39.108894,	10.679,	9.977,	308.162,	49.685,	38.855,	306.609,	0.0,	0.0,	0.0,	NaN,	300.084,	0.0,	0.0,	0.0,	NaN,	299.584,	1.804
39.247772,	10.801,	10.068,	308.162,	49.673,	39.078,	306.609,	0.0,	0.0,	0.0,	NaN,	300.084,	0.0,	0.0,	0.0,	NaN,	299.581,	1.804
39.379402,	9.888,	9.182,	308.162,	49.724,	39.239,	306.609,	0.0,	0.0,	0.0,	NaN,	300.081,	0.0,	0.0,	0.0,	NaN,	299.584,	1.804
39.50503,	9.207,	8.545,	308.165,	49.787,	39.138,	306.609,	0.0,	0.0,	0.0,	NaN,	300.081,	0.0,	0.0,	0.0,	NaN,	299.584,	1.804
39.64253,	9.104,	8.474,	308.165,	49.779,	38.863,	306.609,	0.0,	0.0,	0.0,	NaN,	300.081,	0.0,	0.0,	0.0,	NaN,	299.584,	1.794
39.771408,	10.606,	9.914,	308.165,	49.707,	38.788,	306.609,	0.0,	0.0,	0.0,	NaN,	300.081,	0.0,	0.0,	0.0,	NaN,	299.584,	1.794
39.899723,	10.872,	10.144,	308.165,	49.662,	38.97,	306.609,	0.0,	0.0,	0.0,	NaN,	300.081,	0.0,	0.0,	0.0,	NaN,	299.584,	1.793
40.034462,	10.305,	9.582,	308.162,	49.69,	39.185,	306.609,	0.0,	0.0,	0.0,	NaN,	300.081,	0.0,	0.0,	0.0,	NaN,	299.588,	1.794
40.164753,	9.416,	8.736,	308.162,	49.756,	39.169,	306.609,	0.0,	0.0,	0.0,	NaN,	300.081,	0.0,	0.0,	0.0,	NaN,	299.584,	1.794
40.301754,	9.094,	8.456,	308.162,	49.789,	38.889,	306.609,	0.0,	0.0,	0.0,	NaN,	300.081,	0.0,	0.0,	0.0,	NaN,	299.588,	1.794
40.434395,	10.238,	9.585,	308.162,	49.745,	38.74,	306.609,	0.0,	0.0,	0.0,	NaN,	300.081,	0.0,	0.0,	0.0,	NaN,	299.588,	1.794
40.565372,	10.924,	10.197,	308.16,	49.664,	38.936,	306.609,	0.0,	0.0,	0.0,	NaN,	300.081,	0.0,	0.0,	0.0,	NaN,	299.588,	1.794
40.701668,	10.588,	9.845,	308.16,	49.668,	39.132,	306.609,	0.0,	0.0,	0.0,	NaN,	300.077,	0.0,	0.0,	0.0,	NaN,	299.588,	1.794
40.84423,	9.518,	8.83,	308.16,	49.738,	39.159,	306.613,	0.0,	0.0,	0.0,	NaN,	300.081,	0.0,	0.0,	0.0,	NaN,	299.588,	1.794
40.977253,	9.146,	8.499,	308.16,	49.786,	38.928,	306.613,	0.0,	0.0,	0.0,	NaN,	300.077,	0.0,	0.0,	0.0,	NaN,	299.588,	1.794
41.10211,	10.147,	9.508,	308.162,	49.754,	38.713,	306.613,	0.0,	0.0,	0.0,	NaN,	300.081,	0.0,	0.0,	0.0,	NaN,	299.588,	1.794
41.234657,	10.958,	10.234,	308.162,	49.677,	38.864,	306.615,	0.0,	0.0,	0.0,	NaN,	300.077,	0.0,	0.0,	0.0,	NaN,	299.584,	1.794
41.37059,	10.742,	9.994,	308.162,	49.659,	39.091,	306.615,	0.0,	0.0,	0.0,	NaN,	300.081,	0.0,	0.0,	0.0,	NaN,	299.591,	1.795
41.50202,	9.709,	9.009,	308.162,	49.711,	39.155,	306.615,	0.0,	0.0,	0.0,	NaN,	300.081,	0.0,	0.0,	0.0,	NaN,	299.591,	1.795
41.64417,	9.236,	8.579,	308.16,	49.776,	38.958,	306.615,	0.0,	0.0,	0.0,	NaN,	300.081,	0.0,	0.0,	0.0,	NaN,	299.588,	1.795
41.77435,	9.343,	8.711,	308.16,	49.771,	38.707,	306.617,	0.0,	0.0,	0.0,	NaN,	300.081,	0.0,	0.0,	0.0,	NaN,	299.588,	1.795
41.90841,	10.976,	10.257,	308.16,	49.699,	38.79,	306.617,	0.0,	0.0,	0.0,	NaN,	300.081,	0.0,	0.0,	0.0,	NaN,	299.588,	1.795
42.039738,	10.971,	10.228,	308.16,	49.647,	39.022,	306.617,	0.0,	0.0,	0.0,	NaN,	300.084,	0.0,	0.0,	0.0,	NaN,	299.591,	1.795
42.174774,	9.931,	9.22,	308.162,	49.685,	39.144,	306.617,	0.0,	0.0,	0.0,	NaN,	300.081,	0.0,	0.0,	0.0,	NaN,	299.591,	1.795
42.310207,	9.35,	8.681,	308.162,	49.757,	38.989,	306.615,	0.0,	0.0,	0.0,	NaN,	300.081,	0.0,	0.0,	0.0,	NaN,	299.591,	1.795
42.43888,	9.446,	8.816,	308.162,	49.778,	38.711,	306.615,	0.0,	0.0,	0.0,	NaN,	300.081,	0.0,	0.0,	0.0,	NaN,	299.591,	1.795
42.572502,	10.958,	10.249,	308.162,	49.724,	38.725,	306.615,	0.0,	0.0,	0.0,	NaN,	300.084,	0.0,	0.0,	0.0,	NaN,	299.588,	1.795
42.704933,	11.097,	10.356,	308.165,	49.654,	38.952,	306.615,	0.0,	0.0,	0.0,	NaN,	300.084,	0.0,	0.0,	0.0,	NaN,	299.591,	1.795
42.841667,	10.188,	9.467,	308.165,	49.658,	39.114,	306.613,	0.0,	0.0,	0.0,	NaN,	300.084,	0.0,	0.0,	0.0,	NaN,	299.591,	1.795
42.980556,	9.485,	8.804,	308.165,	49.726,	39.012,	306.613,	0.0,	0.0,	0.0,	NaN,	300.081,	0.0,	0.0,	0.0,	NaN,	299.588,	1.795
43.1198,	9.42,	8.779,	308.162,	49.774,	38.708,	306.613,	0.0,	0.0,	0.0,	NaN,	300.081,	0.0,	0.0,	0.0,	NaN,	299.591,	1.788
43.25141,	10.874,	10.177,	308.162,	49.747,	38.669,	306.613,	0.0,	0.0,	0.0,	NaN,	300.081,	0.0,	0.0,	0.0,	NaN,	299.591,	1.788
43.38299,	11.169,	10.433,	308.162,	49.669,	38.883,	306.611,	0.0,	0.0,	0.0,	NaN,	300.081,	0.0,	0.0,	0.0,	NaN,	299.591,	1.788
43.523403,	10.333,	9.606,	308.162,	49.649,	39.088,	306.611,	0.0,	0.0,	0.0,	NaN,	300.081,	0.0,	0.0,	0.0,	NaN,	299.588,	1.788
43.653378,	9.576,	8.888,	308.165,	49.706,	39.004,	306.611,	0.0,	0.0,	0.0,	NaN,	300.077,	0.0,	0.0,	0.0,	NaN,	299.588,	1.788
43.78498,	9.371,	8.72,	308.165,	49.763,	38.727,	306.611,	0.0,	0.0,	0.0,	NaN,	300.081,	0.0,	0.0,	0.0,	NaN,	299.591,	1.788
43.917164,	10.856,	10.164,	308.165,	49.756,	38.631,	306.609,	0.0,	0.0,	0.0,	NaN,	300.081,	0.0,	0.0,	0.0,	NaN,	299.588,	1.788
44.055374,	11.225,	10.489,	308.165,	49.685,	38.838,	306.609,	0.0,	0.0,	0.0,	NaN,	300.077,	0.0,	0.0,	0.0,	NaN,	299.591,	1.787
44.196888,	10.481,	9.75,	308.162,	49.64,	39.056,	306.609,	0.0,	0.0,	0.0,	NaN,	300.081,	0.0,	0.0,	0.0,	NaN,	299.591,	1.788
44.334076,	9.671,	8.976,	308.162,	49.69,	38.995,	306.609,	0.0,	0.0,	0.0,	NaN,	300.077,	0.0,	0.0,	0.0,	NaN,	299.588,	1.788
44.468647,	9.404,	8.748,	308.162,	49.754,	38.723,	306.609,	0.0,	0.0,	0.0,	NaN,	300.077,	0.0,	0.0,	0.0,	NaN,	299.588,	1.788
44.62122,	10.957,	10.261,	308.162,	49.757,	38.611,	306.609,	0.0,	0.0,	0.0,	NaN,	300.077,	0.0,	0.0,	0.0,	NaN,	299.588,	1.788
44.749943,	11.274,	10.539,	308.165,	49.698,	38.799,	306.609,	0.0,	0.0,	0.0,	NaN,	300.077,	0.0,	0.0,	0.0,	NaN,	299.591,	1.785
44.885662,	10.746,	10.004,	308.165,	49.634,	39.01,	306.609,	0.0,	0.0,	0.0,	NaN,	300.074,	0.0,	0.0,	0.0,	NaN,	299.591,	1.785
45.01011,	9.841,	9.133,	308.165,	49.662,	39.008,	306.609,	0.0,	0.0,	0.0,	NaN,	300.074,	0.0,	0.0,	0.0,	NaN,	299.591,	1.785
45.139973,	9.452,	8.787,	308.165,	49.732,	38.762,	306.609,	0.0,	0.0,	0.0,	NaN,	300.074,	0.0,	0.0,	0.0,	NaN,	299.588,	1.785
45.268658,	9.745,	9.64,	308.167,	49.765,	38.566,	306.609,	0.0,	0.0,	0.0,	NaN,	300.074,	0.0,	0.0,	0.0,	NaN,	299.588,	1.785
45.41912,	11.318,	10.585,	308.167,	49.711,	38.757,	306.613,	0.0,	0.0,	0.0,	NaN,	300.074,	0.0,	0.0,	0.0,	NaN,	299.588,	1.785
45.54917,	10.882,	10.133,	308.167,	49.639,	38.977,	306.613,	0.0,	0.0,	0.0,	NaN,	300.074,	0.0,	0.0,	0.0,	NaN,	299.588,	1.785
45.68346,	9.945,	9.231,	308.167,	49.648,	38.995,	306.613,	0.0,	0.0,	0.0,	NaN,	300.077,	0.0,	0.0,	0.0,	NaN,	299.588,	1.785
45.824276,	9.515,	8.843,	308.165,	49.712,	38.76,	306.613,	0.0,	0.0,	0.0,	NaN,	300.074,	0.0,	0.0,	0.0,	NaN,	299.588,	1.785
45.94996,	10.425,	9.783,	308.165,	49.758,	38.54,	306.611,	0.0,	0.0,	0.0,	NaN,	300.077,	0.0,	0.0,	0.0,	NaN,	299.588,	1.785
46.08982,	11.342,	10.613,	308.165,	49.729,	38.689,	306.611,	0.0,	0.0,	0.0,	NaN,	300.077,	0.0,	0.0,	0.0,	NaN,	299.588,	1.785
46.217484,	11.291,	10.539,	308.165,	49.661,	38.893,	306.611,	0.0,	0.0,	0.0,	NaN,	300.074,	0.0,	0.0,	0.0,	NaN,	299.588,	1.785
46.343884,	10.245,	9.519,	308.162,	49.631,	39.001,	306.611,	0.0,	0.0,	0.0,	NaN,	300.077,	0.0,	0.0,	0.0,	NaN,	299.591,	1.785
46.473858,	9.662,	8.974,	308.162,	49.674,	38.826,	306.609,	0.0,	0.0,	0.0,	NaN,	300.077,	0.0,	0.0,	0.0,	NaN,	299.591,	1.781
46.605537,	9.795,	9.157,	308.162,	49.741,	38.553,	306.609,	0.0,	0.0,	0.0,	NaN,	300.077,	0.0,	0.0,	0.0,	NaN,	299.588,	1.78
46.741753,	11.296,	10.581,	308.165,	49.752,	38.591,	306.609,	0.0,	0.0,	0.0,	NaN,	300.074,	0.0,	0.0,	0.0,	NaN,	299.588,	1.78
46.86988,	11.426,	10.68,	308.165,	49.688,	38.826,	306.609,	0.0,	0.0,	0.0,	NaN,	300.077,	0.0,	0.0,	0.0,	NaN,	299.591,	1.78
47.01087,	10.491,	9.757,	308.165,	49.626,	38.979,	306.613,	0.0,	0.0,	0.0,	NaN,	300.074,	0.0,	0.0,	0.0,	NaN,	299.591,	1.781
47.151722,	9.743,	9.048,	308.165,	49.656,	38.826,	306.613,	0.0,	0.0,	0.0,	NaN,	300.077,	0.0,	0.0,	0.0,	NaN,	299.591,	1.78
47.283596,	9.745,	9.094,	308.167,	49.727,	38.547,	306.613,	0.0,	0.0,	0.0,	NaN,	300.077,	0.0,	0.0,	0.0,	NaN,	299.588,	1.78
47.42417,	11.306,	10.595,	308.167,	49.751,	38.553,	306.615,	0.0,	0.0,	0.0,	NaN,	300.077,	0.0,	0.0,	0.0,	NaN,	299.588,	1.781
47.552345,	11.501,	10.76,	308.167,	49.713,	38.752,	306.615,	0.0,	0.0,	0.0,	NaN,	300.077,	0.0,	0.0,	0.0,	NaN,	299.588,	1.781
47.683384,	10.626,	9.888,	308.167,	49.631,	38.95,	306.615,	0.0,	0.0,	0.0,	NaN,	300.077,	0.0,	0.0,	0.0,	NaN,	299.591,	1.78
47.8182,	9.886,	9.18,	308.169,	49.635,	38.853,	306.615,	0.0,	0.0,	0.0,	NaN,	300.077,	0.0,	0.0,	0.0,	NaN,	299.591,	1.78
47.95658,	9.678,	9.012,	308.169,	49.698,	38.573,	306.613,	0.0,	0.0,	0.0,	NaN,	300.077,	0.0,	0.0,	0.0,	NaN,	299.588,	1.781
48.092785,	11.192,	10.493,	308.169,	49.752,	38.497,	306.613,	0.0,	0.0,	0.0,	NaN,	300.077,	0.0,	0.0,	0.0,	NaN,	299.588,	1.781
48.22573,	11.548,	10.809,	308.169,	49.723,	38.712,	306.613,	0.0,	0.0,	0.0,	NaN,	300.077,	0.0,	0.0,	0.0,	NaN,	299.584,	1.777
48.349384,	10.905,	10.163,	308.171,	49.644,	38.915,	306.613,	0.0,	0.0,	0.0,	NaN,	300.077,	0.0,	0.0,	0.0,	NaN,	299.584,	1.777
48.482647,	10.121,	9.398,	308.171,	49.621,	38.895,	306.611,	0.0,	0.0,	0.0,	NaN,	300.081,	0.0,	0.0,	0.0,	NaN,	299.581,	1.777
48.609,	9.701,	9.02,	308.171,	49.662,	38.648,	306.611,	0.0,	0.0,	0.0,	NaN,	300.081,	0.0,	0.0,	0.0,	NaN,	299.588,	1.777
48.742344,	10.749,	10.091,	308.171,	49.728,	38.443,	306.611,	0.0,	0.0,	0.0,	NaN,	300.081,	0.0,	0.0,	0.0,	NaN,	299.581,	1.777
48.871487,	11.557,	10.826,	308.173,	49.738,	38.614,	306.611,	0.0,	0.0,	0.0,	NaN,	300.081,	0.0,	0.0,	0.0,	NaN,	299.584,	1.777
49.002525,	11.445,	10.686,	308.173,	49.688,	38.823,	306.613,	0.0,	0.0,	0.0,	NaN,	300.077,	0.0,	0.0,	0.0,	NaN,	299.584,	1.777
49.133034,	10.309,	9.577,	308.173,	49.614,	38.895,	306.613,	0.0,	0.0,	0.0,	NaN,	300.081,	0.0,	0.0,	0.0,	NaN,	299.581,	1.777
49.26929,	9.796,	9.105,	308.173,	49.635,	38.682,	306.613,	0.0,	0.0,	0.0,	NaN,	300.081,	0.0,	0.0,	0.0,	NaN,	299.584,	1.777
49.400337,	9.907,	9.252,	308.175,	49.703,	38.433,	306.613,	0.0,	0.0,	0.0,	NaN,	300.081,	0.0,	0.0,	0.0,	NaN,	299.581,	1.777
49.535503,	11.52,	10.801,	308.175,	49.742,	38.521,	306.611,	0.0,	0.0,	0.0,	NaN,	300.081,	0.0,	0.0,	0.0,	NaN,	299.584,	1.777
49.66674,	11.553,	10.798,	308.175,	49.702,	38.788,	306.611,	0.0,	0.0,	0.0,	NaN,	300.081,	0.0,	0.0,	0.0,	NaN,	299.581,	1.777
49.80123,	10.632,	9.893,	308.175,	49.631,	38.897,	306.611,	0.0,	0.0,	0.0,	NaN,	300.084,	0.0,	0.0,	0.0,	NaN,	299.581,	1.777
49.926067,	9.972,	9.263,	308.178,	49.614,	38.755,	306.611,	0.0,	0.0,	0.0,	NaN,	300.084,	0.0,	0.0,	0.0,	NaN,	299.581,	1.775
50.05604,	9.883,	9.216,	308.178,	49.667,	38.473,	306.613,	0.0,	0.0,	0.0,	NaN,	300.081,	0.0,	0.0,	0.0,	NaN,	299.581,	1.775
50.183422,	11.459,	10.751,	308.178,	49.73,	38.461,	306.613,	0.0,	0.0,	0.0,	NaN,	300.084,	0.0,	0.0,	0.0,	NaN,	299.581,	1.774
50.32371,	11.698,	10.955,	308.178,	49.728,	38.697,	306.613,	0.0,	0.0,	0.0,	NaN,	300.084,	0.0,	0.0,	0.0,	NaN,	299.581,	1.775
50.4534,	10.896,	10.152,	308.175,	49.655,	38.869,	306.613,	0.0,	0.0,	0.0,	NaN,	300.084,	0.0,	0.0,	0.0,	NaN,	299.584,	1.774
50.586735,	10.12,	9.4,	308.175,	49.606,	38.787,	306.611,	0.0,	0.0,	0.0,	NaN,	300.084,	0.0,	0.0,	0.0,	NaN,	299.581,	1.774
50.71555,	9.844,	9.166,	308.175,	49.642,	38.506,	306.611,	0.0,	0.0,	0.0,	NaN,	300.084,	0.0,	0.0,	0.0,	NaN,	299.584,	1.775
50.848244,	11.314,	10.619,	308.175,	49.711,	38.409,	306.611,	0.0,	0.0,	0.0,	NaN,	300.084,	0.0,	0.0,	0.0,	NaN,	299.581,	1.775
50.987625,	11.738,	10.999,	308.173,	49.735,	38.63,	306.611,	0.0,	0.0,	0.0,	NaN,	300.084,	0.0,	0.0,	0.0,	NaN,	299.584,	1.775
51.116215,	11.159,	10.411,	308.173,	49.682,	38.838,	306.609,	0.0,	0.0,	0.0,	NaN,	300.084,	0.0,	0.0,	0.0,	NaN,	299.581,	1.775
51.249283,	10.282,	9.552,	308.173,	49.606,	38.806,	306.609,	0.0,	0.0,	0.0,	NaN,	300.084,	0.0,	0.0,	0.0,	NaN,	299.584,	1.775
51.38289,	9.878,	9.19,	308.171,	49.616,	38.542,	306.609,	0.0,	0.0,	0.0,	NaN,	300.084,	0.0,	0.0,	0.0,	NaN,	299.581,	1.775
51.519146,	11.048,	10.375,	308.171,	49.681,	38.368,	306.609,	0.0,	0.0,	0.0,	NaN,	300.081,	0.0,	0.0,	0.0,	NaN,	299.581,	1.775
51.649635,	11.755,	11.021,	308.171,	49.73,	38.565,	306.609,	0.0,	0.0,	0.0,	NaN,	300.084,	0.0,	0.0,	0.0,	NaN,	299.581,	1.772
51.78394,	11.41,	10.648,	308.171,	49.7,	38.788,	306.609,	0.0,	0.0,	0.0,	NaN,	300.088,	0.0,	0.0,	0.0,	NaN,	299.581,	1.772
51.92235,	10.459,	9.72,	308.173,	49.618,	38.812,	306.609,	0.0,	0.0,	0.0,	NaN,	300.084,	0.0,	0.0,	0.0,	NaN,	299.581,	1.772
52.058857,	9.961,	9.261,	308.173,	49.603,	38.59,	306.609,	0.0,	0.0,	0.0,	NaN,	300.081,	0.0,	0.0,	0.0,	NaN,	299.577,	1.772
52.185013,	10.172,	10.043,	308.173,	49.652,	38.352,	306.609,	0.0,	0.0,	0.0,	NaN,	300.081,	0.0,	0.0,	0.0,	NaN,	299.581,	1.772
52.314312,	11.756,	11.028,	308.173,	49.716,	38.496,	306.609,	0.0,	0.0,	0.0,	NaN,	300.084,	0.0,	0.0,	0.0,	NaN,	299.581,	1.772
52.45269,	11.686,	10.924,	308.175,	49.714,	38.736,	306.609,	0.0,	0.0,	0.0,	NaN,	300.081,	0.0,	0.0,	0.0,	NaN,	299.581,	1.772
52.589455,	10.656,	9.912,	308.175,	49.645,	38.818,	306.609,	0.0,	0.0,	0.0,	NaN,	300.084,	0.0,	0.0,	0.0,	NaN,	299.577,	1.772
52.716927,	10.128,	9.411,	308.175,	49.594,	38.662,	306.609,	0.0,	0.0,	0.0,	NaN,	300.084,	0.0,	0.0,	0.0,	NaN,	299.577,	1.772
52.843285,	10.108,	9.442,	308.175,	49.613,	38.381,	306.609,	0.0,	0.0,	0.0,	NaN,	300.084,	0.0,	0.0,	0.0,	NaN,	299.577,	1.772
52.97895,	11.67,	10.958,	308.178,	49.688,	38.406,	306.609,	0.0,	0.0,	0.0,	NaN,	300.084,	0.0,	0.0,	0.0,	NaN,	299.581,	1.772
53.110497,	11.869,	11.123,	308.178,	49.724,	38.641,	306.609,	0.0,	0.0,	0.0,	NaN,	300.084,	0.0,	0.0,	0.0,	NaN,	299.574,	1.772
53.24075,	11.006,	10.258,	308.178,	49.679,	38.808,	306.609,	0.0,	0.0,	0.0,	NaN,	300.081,	0.0,	0.0,	0.0,	NaN,	299.574,	1.772
53.374573,	10.269,	9.542,	308.178,	49.603,	38.701,	306.609,	0.0,	0.0,	0.0,	NaN,	300.084,	0.0,	0.0,	0.0,	NaN,	299.577,	1.768
53.53359,	10.208,	9.549,	308.175,	49.609,	38.356,	306.609,	0.0,	0.0,	0.0,	NaN,	300.084,	0.0,	0.0,	0.0,	NaN,	299.577,	1.768
53.66527,	11.738,	11.022,	308.175,	49.679,	38.4,	306.609,	0.0,	0.0,	0.0,	NaN,	300.081,	0.0,	0.0,	0.0,	NaN,	299.577,	1.768
53.81053,	11.902,	11.154,	308.175,	49.718,	38.636,	306.609,	0.0,	0.0,	0.0,	NaN,	300.081,	0.0,	0.0,	0.0,	NaN,	299.577,	1.768
53.939266,	10.998,	10.248,	308.175,	49.682,	38.793,	306.609,	0.0,	0.0,	0.0,	NaN,	300.084,	0.0,	0.0,	0.0,	NaN,	299.577,	1.768
54.067028,	10.285,	9.557,	308.173,	49.605,	38.67,	306.609,	0.0,	0.0,	0.0,	NaN,	300.084,	0.0,	0.0,	0.0,	NaN,	299.577,	1.768
54.207577,	10.085,	9.4,	308.173,	49.59,	38.386,	306.609,	0.0,	0.0,	0.0,	NaN,	300.081,	0.0,	0.0,	0.0,	NaN,	299.577,	1.768
54.336216,	11.638,	10.934,	308.173,	49.648,	38.346,	306.609,	0.0,	0.0,	0.0,	NaN,	300.084,	0.0,	0.0,	0.0,	NaN,	299.577,	1.768
54.475353,	11.959,	11.218,	308.173,	49.709,	38.573,	306.609,	0.0,	0.0,	0.0,	NaN,	300.084,	0.0,	0.0,	0.0,	NaN,	299.574,	1.768
54.601208,	11.259,	10.51,	308.167,	49.696,	38.772,	306.609,	0.0,	0.0,	0.0,	NaN,	300.084,	0.0,	0.0,	0.0,	NaN,	299.577,	1.768
54.731194,	10.438,	9.7,	308.167,	49.625,	38.701,	306.609,	0.0,	0.0,	0.0,	NaN,	300.084,	0.0,	0.0,	0.0,	NaN,	299.574,	1.768
54.872837,	10.077,	9.382,	308.167,	49.577,	38.422,	306.609,	0.0,	0.0,	0.0,	NaN,	300.084,	0.0,	0.0,	0.0,	NaN,	299.577,	1.768
55.001232,	11.441,	10.751,	308.165,	49.617,	38.296,	306.609,	0.0,	0.0,	0.0,	NaN,	300.084,	0.0,	0.0,	0.0,	NaN,	299.577,	1.768
55.133415,	11.979,	11.242,	308.165,	49.688,	38.517,	306.609,	0.0,	0.0,	0.0,	NaN,	300.081,	0.0,	0.0,	0.0,	NaN,	299.577,	1.768
55.262455,	11.628,	10.863,	308.165,	49.71,	38.719,	306.609,	0.0,	0.0,	0.0,	NaN,	300.081,	0.0,	0.0,	0.0,	NaN,	299.577,	1.768
55.393085,	10.686,	9.936,	308.165,	49.659,	38.741,	306.609,	0.0,	0.0,	0.0,	NaN,	300.084,	0.0,	0.0,	0.0,	NaN,	299.577,	1.768
55.532616,	10.135,	9.429,	308.162,	49.581,	38.466,	306.609,	0.0,	0.0,	0.0,	NaN,	300.084,	0.0,	0.0,	0.0,	NaN,	299.577,	1.768
55.66812,	11.12,	10.459,	308.162,	49.594,	38.268,	306.609,	0.0,	0.0,	0.0,	NaN,	300.084,	0.0,	0.0,	0.0,	NaN,	299.574,	1.768
55.79606,	11.982,	11.25,	308.162,	49.664,	38.451,	306.609,	0.0,	0.0,	0.0,	NaN,	300.084,	0.0,	0.0,	0.0,	NaN,	299.577,	1.768
55.93067,	11.896,	11.132,	308.162,	49.706,	38.659,	306.609,	0.0,	0.0,	0.0,	NaN,	300.084,	0.0,	0.0,	0.0,	NaN,	299.57,	1.768
56.064743,	10.877,	10.125,	308.16,	49.679,	38.75,	306.609,	0.0,	0.0,	0.0,	NaN,	300.084,	0.0,	0.0,	0.0,	NaN,	299.574,	1.768
56.194225,	10.28,	9.557,	308.16,	49.603,	38.552,	306.609,	0.0,	0.0,	0.0,	NaN,	300.088,	0.0,	0.0,	0.0,	NaN,	299.574,	1.768
56.32364,	10.29,	9.615,	308.16,	49.575,	38.284,	306.613,	0.0,	0.0,	0.0,	NaN,	300.088,	0.0,	0.0,	0.0,	NaN,	299.574,	1.768
56.450676,	11.861,	11.148,	308.16,	49.617,	38.334,	306.613,	0.0,	0.0,	0.0,	NaN,	300.088,	0.0,	0.0,	0.0,	NaN,	299.574,	1.768
56.58055,	12.041,	11.29,	308.158,	49.691,	38.601,	306.613,	0.0,	0.0,	0.0,	NaN,	300.088,	0.0,	0.0,	0.0,	NaN,	299.574,	1.768
56.71479,	11.22,	10.466,	308.158,	49.696,	38.742,	306.613,	0.0,	0.0,	0.0,	NaN,	300.088,	0.0,	0.0,	0.0,	NaN,	299.574,	1.768
56.84334,	10.48,	9.74,	308.158,	49.636,	38.631,	306.611,	0.0,	0.0,	0.0,	NaN,	300.088,	0.0,	0.0,	0.0,	NaN,	299.574,	1.764
56.97073,	10.214,	9.519,	308.158,	49.571,	38.344,	306.611,	0.0,	0.0,	0.0,	NaN,	300.084,	0.0,	0.0,	0.0,	NaN,	299.574,	1.764
57.09695,	11.578,	10.885,	308.156,	49.586,	38.263,	306.611,	0.0,	0.0,	0.0,	NaN,	300.084,	0.0,	0.0,	0.0,	NaN,	299.574,	1.764
57.233814,	12.109,	11.369,	308.156,	49.659,	38.51,	306.609,	0.0,	0.0,	0.0,	NaN,	300.084,	0.0,	0.0,	0.0,	NaN,	299.574,	1.764
57.365353,	11.474,	10.721,	308.156,	49.701,	38.719,	306.609,	0.0,	0.0,	0.0,	NaN,	300.088,	0.0,	0.0,	0.0,	NaN,	299.574,	1.764
57.499012,	10.633,	9.884,	308.156,	49.657,	38.657,	306.609,	0.0,	0.0,	0.0,	NaN,	300.084,	0.0,	0.0,	0.0,	NaN,	299.574,	1.765
57.63205,	10.224,	9.517,	308.154,	49.58,	38.387,	306.609,	0.0,	0.0,	0.0,	NaN,	300.088,	0.0,	0.0,	0.0,	NaN,	299.574,	1.764
57.763744,	11.491,	10.807,	308.154,	49.576,	38.241,	306.609,	0.0,	0.0,	0.0,	NaN,	300.084,	0.0,	0.0,	0.0,	NaN,	299.574,	1.764
57.89848,	12.094,	11.362,	308.154,	49.622,	38.42,	306.609,	0.0,	0.0,	0.0,	NaN,	300.084,	0.0,	0.0,	0.0,	NaN,	299.574,	1.765
58.05955,	11.58,	10.825,	308.154,	49.693,	38.695,	306.609,	0.0,	0.0,	0.0,	NaN,	300.088,	0.0,	0.0,	0.0,	NaN,	299.574,	1.764
58.18687,	10.716,	9.964,	308.152,	49.669,	38.663,	306.609,	0.0,	0.0,	0.0,	NaN,	300.088,	0.0,	0.0,	0.0,	NaN,	299.574,	1.764
58.3186,	10.268,	9.555,	308.152,	49.591,	38.397,	306.609,	0.0,	0.0,	0.0,	NaN,	300.088,	0.0,	0.0,	0.0,	NaN,	299.574,	1.764
58.454445,	11.393,	10.719,	308.152,	49.562,	38.222,	306.609,	0.0,	0.0,	0.0,	NaN,	300.084,	0.0,	0.0,	0.0,	NaN,	299.574,	1.764
58.58411,	12.112,	11.381,	308.152,	49.603,	38.389,	306.609,	0.0,	0.0,	0.0,	NaN,	300.088,	0.0,	0.0,	0.0,	NaN,	299.577,	1.766
58.710155,	11.97,	11.2,	308.149,	49.671,	38.627,	306.609,	0.0,	0.0,	0.0,	NaN,	300.088,	0.0,	0.0,	0.0,	NaN,	299.574,	1.766
58.8384,	10.976,	10.217,	308.149,	49.684,	38.698,	306.609,	0.0,	0.0,	0.0,	NaN,	300.088,	0.0,	0.0,	0.0,	NaN,	299.577,	1.766
58.96501,	10.398,	9.669,	308.149,	49.626,	38.481,	306.609,	0.0,	0.0,	0.0,	NaN,	300.088,	0.0,	0.0,	0.0,	NaN,	299.577,	1.766
59.105034,	10.514,	9.848,	308.149,	49.561,	38.223,	306.609,	0.0,	0.0,	0.0,	NaN,	300.088,	0.0,	0.0,	0.0,	NaN,	299.577,	1.766
59.232956,	12.088,	11.364,	308.147,	49.58,	38.331,	306.609,	0.0,	0.0,	0.0,	NaN,	300.088,	0.0,	0.0,	0.0,	NaN,	299.577,	1.766
59.365524,	12.155,	11.4,	308.147,	49.646,	38.573,	306.609,	0.0,	0.0,	0.0,	NaN,	300.088,	0.0,	0.0,	0.0,	NaN,	299.577,	1.766
59.503216,	11.175,	10.415,	308.147,	49.687,	38.7,	306.609,	0.0,	0.0,	0.0,	NaN,	300.088,	0.0,	0.0,	0.0,	NaN,	299.581,	1.766
59.6326,	10.524,	9.784,	308.147,	49.65,	38.529,	306.609,	0.0,	0.0,	0.0,	NaN,	300.088,	0.0,	0.0,	0.0,	NaN,	299.577,	1.766
59.77525,	10.449,	9.764,	308.145,	49.57,	38.248,	306.609,	0.0,	0.0,	0.0,	NaN,	300.088,	0.0,	0.0,	0.0,	NaN,	299.577,	1.766
59.9021,	12.022,	11.309,	308.145,	49.561,	38.278,	306.609,	0.0,	0.0,	0.0,	NaN,	300.088,	0.0,	0.0,	0.0,	NaN,	299.577,	1.766
60.034935,	12.241,	11.494,	308.145,	49.618,	38.519,	306.609,	0.0,	0.0,	0.0,	NaN,	300.088,	0.0,	0.0,	0.0,	NaN,	299.577,	1.766
60.168602,	11.406,	10.647,	308.143,	49.681,	38.693,	306.609,	0.0,	0.0,	0.0,	NaN,	300.091,	0.0,	0.0,	0.0,	NaN,	299.577,	1.766
60.299065,	10.735,	9.981,	308.143,	49.672,	38.601,	306.609,	0.0,	0.0,	0.0,	NaN,	300.091,	0.0,	0.0,	0.0,	NaN,	299.577,	1.764
60.43148,	10.375,	9.67,	308.143,	49.595,	38.289,	306.609,	0.0,	0.0,	0.0,	NaN,	300.088,	0.0,	0.0,	0.0,	NaN,	299.577,	1.764
60.568275,	11.88,	11.178,	308.143,	49.552,	38.226,	306.609,	0.0,	0.0,	0.0,	NaN,	300.091,	0.0,	0.0,	0.0,	NaN,	299.574,	1.764
60.69728,	12.271,	11.531,	308.141,	49.591,	38.457,	306.609,	0.0,	0.0,	0.0,	NaN,	300.091,	0.0,	0.0,	0.0,	NaN,	299.574,	1.764
60.83017,	11.763,	11.003,	308.141,	49.648,	38.649,	306.609,	0.0,	0.0,	0.0,	NaN,	300.088,	0.0,	0.0,	0.0,	NaN,	299.577,	1.764
60.960163,	10.891,	10.13,	308.141,	49.679,	38.636,	306.609,	0.0,	0.0,	0.0,	NaN,	300.088,	0.0,	0.0,	0.0,	NaN,	299.577,	1.764
61.08978,	10.407,	9.684,	308.141,	49.627,	38.371,	306.609,	0.0,	0.0,	0.0,	NaN,	300.091,	0.0,	0.0,	0.0,	NaN,	299.574,	1.764
61.21993,	11.4,	10.733,	308.139,	49.555,	38.182,	306.609,	0.0,	0.0,	0.0,	NaN,	300.091,	0.0,	0.0,	0.0,	NaN,	299.577,	1.764
61.34562,	12.221,	11.492,	308.139,	49.556,	38.342,	306.609,	0.0,	0.0,	0.0,	NaN,	300.091,	0.0,	0.0,	0.0,	NaN,	299.574,	1.765
61.474133,	12.153,	11.385,	308.139,	49.614,	38.583,	306.613,	0.0,	0.0,	0.0,	NaN,	300.091,	0.0,	0.0,	0.0,	NaN,	299.577,	1.764
61.631054,	11.062,	10.297,	308.139,	49.673,	38.652,	306.613,	0.0,	0.0,	0.0,	NaN,	300.091,	0.0,	0.0,	0.0,	NaN,	299.577,	1.764
61.773193,	10.458,	9.73,	308.136,	49.64,	38.389,	306.613,	0.0,	0.0,	0.0,	NaN,	300.094,	0.0,	0.0,	0.0,	NaN,	299.574,	1.765
61.908577,	11.272,	10.611,	308.136,	49.561,	38.172,	306.611,	0.0,	0.0,	0.0,	NaN,	300.094,	0.0,	0.0,	0.0,	NaN,	299.577,	1.764
62.039898,	12.26,	11.53,	308.136,	49.551,	38.346,	306.611,	0.0,	0.0,	0.0,	NaN,	300.094,	0.0,	0.0,	0.0,	NaN,	299.577,	1.763
62.166058,	12.133,	11.362,	308.136,	49.604,	38.591,	306.611,	0.0,	0.0,	0.0,	NaN,	300.098,	0.0,	0.0,	0.0,	NaN,	299.577,	1.763
62.31173,	11.148,	10.382,	308.139,	49.666,	38.653,	306.611,	0.0,	0.0,	0.0,	NaN,	300.094,	0.0,	0.0,	0.0,	NaN,	299.577,	1.763
62.44585,	10.559,	9.821,	308.139,	49.656,	38.443,	306.613,	0.0,	0.0,	0.0,	NaN,	300.094,	0.0,	0.0,	0.0,	NaN,	299.577,	1.763
62.573624,	10.646,	9.972,	308.139,	49.581,	38.181,	306.613,	0.0,	0.0,	0.0,	NaN,	300.094,	0.0,	0.0,	0.0,	NaN,	299.577,	1.763
62.703945,	12.229,	11.507,	308.139,	49.536,	38.291,	306.613,	0.0,	0.0,	0.0,	NaN,	300.098,	0.0,	0.0,	0.0,	NaN,	299.581,	1.763
62.835846,	12.308,	11.553,	308.136,	49.576,	38.536,	306.613,	0.0,	0.0,	0.0,	NaN,	300.098,	0.0,	0.0,	0.0,	NaN,	299.581,	1.763
62.974113,	11.342,	10.578,	308.136,	49.645,	38.66,	306.611,	0.0,	0.0,	0.0,	NaN,	300.098,	0.0,	0.0,	0.0,	NaN,	299.581,	1.763
63.101242,	10.687,	9.938,	308.136,	49.663,	38.491,	306.611,	0.0,	0.0,	0.0,	NaN,	300.094,	0.0,	0.0,	0.0,	NaN,	299.581,	1.763
63.231277,	10.585,	9.891,	308.136,	49.607,	38.21,	306.611,	0.0,	0.0,	0.0,	NaN,	300.098,	0.0,	0.0,	0.0,	NaN,	299.581,	1.763
63.37669,	12.152,	11.439,	308.134,	49.541,	38.238,	306.611,	0.0,	0.0,	0.0,	NaN,	300.098,	0.0,	0.0,	0.0,	NaN,	299.577,	1.763
63.50807,	12.385,	11.638,	308.134,	49.553,	38.487,	306.609,	0.0,	0.0,	0.0,	NaN,	300.098,	0.0,	0.0,	0.0,	NaN,	299.581,	1.763
63.64104,	11.566,	10.804,	308.134,	49.62,	38.651,	306.609,	0.0,	0.0,	0.0,	NaN,	300.098,	0.0,	0.0,	0.0,	NaN,	299.584,	1.767
63.77296,	10.821,	10.063,	308.134,	49.663,	38.538,	306.609,	0.0,	0.0,	0.0,	NaN,	300.098,	0.0,	0.0,	0.0,	NaN,	299.581,	1.766
63.908154,	10.512,	9.798,	308.134,	49.63,	38.252,	306.609,	0.0,	0.0,	0.0,	NaN,	300.098,	0.0,	0.0,	0.0,	NaN,	299.581,	1.767
64.038216,	12.004,	11.301,	308.134,	49.553,	38.193,	306.609,	0.0,	0.0,	0.0,	NaN,	300.101,	0.0,	0.0,	0.0,	NaN,	299.584,	1.767
64.17366,	12.408,	11.669,	308.134,	49.536,	38.427,	306.609,	0.0,	0.0,	0.0,	NaN,	300.101,	0.0,	0.0,	0.0,	NaN,	299.584,	1.767
64.30494,	11.799,	11.041,	308.139,	49.592,	38.634,	306.609,	0.0,	0.0,	0.0,	NaN,	300.101,	0.0,	0.0,	0.0,	NaN,	299.584,	1.767
64.43175,	11.046,	10.278,	308.139,	49.65,	38.603,	306.609,	0.0,	0.0,	0.0,	NaN,	300.101,	0.0,	0.0,	0.0,	NaN,	299.584,	1.767
64.5632,	10.526,	9.8,	308.139,	49.645,	38.304,	306.613,	0.0,	0.0,	0.0,	NaN,	300.101,	0.0,	0.0,	0.0,	NaN,	299.584,	1.766
64.69691,	11.745,	11.059,	308.139,	49.573,	38.161,	306.613,	0.0,	0.0,	0.0,	NaN,	300.101,	0.0,	0.0,	0.0,	NaN,	299.584,	1.767
64.83637,	12.403,	11.668,	308.141,	49.524,	38.371,	306.613,	0.0,	0.0,	0.0,	NaN,	300.101,	0.0,	0.0,	0.0,	NaN,	299.588,	1.767
64.96603,	12.009,	11.241,	308.141,	49.564,	38.605,	306.613,	0.0,	0.0,	0.0,	NaN,	300.101,	0.0,	0.0,	0.0,	NaN,	299.584,	1.767
65.10383,	11.123,	10.352,	308.141,	49.633,	38.61,	306.611,	0.0,	0.0,	0.0,	NaN,	300.101,	0.0,	0.0,	0.0,	NaN,	299.584,	1.767
65.238945,	10.595,	9.859,	308.141,	49.654,	38.361,	306.611,	0.0,	0.0,	0.0,	NaN,	300.105,	0.0,	0.0,	0.0,	NaN,	299.584,	1.767
65.36444,	11.385,	10.723,	308.139,	49.599,	38.146,	306.611,	0.0,	0.0,	0.0,	NaN,	300.105,	0.0,	0.0,	0.0,	NaN,	299.584,	1.762
65.49941,	12.386,	11.657,	308.139,	49.527,	38.318,	306.609,	0.0,	0.0,	0.0,	NaN,	300.105,	0.0,	0.0,	0.0,	NaN,	299.584,	1.762
65.6292,	12.374,	11.614,	308.139,	49.536,	38.534,	306.609,	0.0,	0.0,	0.0,	NaN,	300.101,	0.0,	0.0,	0.0,	NaN,	299.588,	1.762
65.760864,	11.293,	10.523,	308.139,	49.606,	38.629,	306.609,	0.0,	0.0,	0.0,	NaN,	300.105,	0.0,	0.0,	0.0,	NaN,	299.584,	1.762
65.901375,	10.699,	9.953,	308.141,	49.651,	38.412,	306.609,	0.0,	0.0,	0.0,	NaN,	300.105,	0.0,	0.0,	0.0,	NaN,	299.588,	1.763
66.038376,	10.765,	10.085,	308.141,	49.618,	38.153,	306.609,	0.0,	0.0,	0.0,	NaN,	300.105,	0.0,	0.0,	0.0,	NaN,	299.588,	1.762
66.171165,	12.35,	11.628,	308.141,	49.543,	38.265,	306.609,	0.0,	0.0,	0.0,	NaN,	300.108,	0.0,	0.0,	0.0,	NaN,	299.588,	1.762
66.30572,	12.436,	11.682,	308.141,	49.523,	38.513,	306.609,	0.0,	0.0,	0.0,	NaN,	300.108,	0.0,	0.0,	0.0,	NaN,	299.588,	1.762
66.435425,	11.48,	10.713,	308.139,	49.578,	38.637,	306.609,	0.0,	0.0,	0.0,	NaN,	300.108,	0.0,	0.0,	0.0,	NaN,	299.588,	1.763
66.56493,	10.89,	10.129,	308.139,	49.635,	38.503,	306.609,	0.0,	0.0,	0.0,	NaN,	300.105,	0.0,	0.0,	0.0,	NaN,	299.588,	1.762
66.69166,	10.633,	9.917,	308.139,	49.639,	38.214,	306.609,	0.0,	0.0,	0.0,	NaN,	300.108,	0.0,	0.0,	0.0,	NaN,	299.588,	1.762
66.82202,	12.17,	11.464,	308.139,	49.572,	38.19,	306.609,	0.0,	0.0,	0.0,	NaN,	300.105,	0.0,	0.0,	0.0,	NaN,	299.588,	1.762
66.96413,	12.509,	11.763,	308.136,	49.514,	38.463,	306.609,	0.0,	0.0,	0.0,	NaN,	300.108,	0.0,	0.0,	0.0,	NaN,	299.588,	1.762
67.09775,	11.699,	10.934,	308.136,	49.551,	38.633,	306.609,	0.0,	0.0,	0.0,	NaN,	300.108,	0.0,	0.0,	0.0,	NaN,	299.588,	1.769
67.23027,	10.957,	10.193,	308.136,	49.62,	38.518,	306.609,	0.0,	0.0,	0.0,	NaN,	300.112,	0.0,	0.0,	0.0,	NaN,	299.588,	1.769
67.367096,	10.633,	9.912,	308.136,	49.642,	38.23,	306.609,	0.0,	0.0,	0.0,	NaN,	300.112,	0.0,	0.0,	0.0,	NaN,	299.584,	1.769
67.53098,	12.232,	11.524,	308.134,	49.577,	38.199,	306.609,	0.0,	0.0,	0.0,	NaN,	300.108,	0.0,	0.0,	0.0,	NaN,	299.588,	1.769
67.65822,	12.533,	11.791,	308.134,	49.515,	38.441,	306.609,	0.0,	0.0,	0.0,	NaN,	300.112,	0.0,	0.0,	0.0,	NaN,	299.584,	1.769
67.78944,	11.8,	11.038,	308.134,	49.535,	38.634,	306.609,	0.0,	0.0,	0.0,	NaN,	300.112,	0.0,	0.0,	0.0,	NaN,	299.584,	1.769
67.9187,	11.025,	10.257,	308.134,	49.601,	38.533,	306.609,	0.0,	0.0,	0.0,	NaN,	300.112,	0.0,	0.0,	0.0,	NaN,	299.588,	1.769
68.05095,	10.642,	9.917,	308.134,	49.64,	38.25,	306.609,	0.0,	0.0,	0.0,	NaN,	300.112,	0.0,	0.0,	0.0,	NaN,	299.584,	1.769
68.18539,	12.038,	11.34,	308.134,	49.602,	38.158,	306.609,	0.0,	0.0,	0.0,	NaN,	300.112,	0.0,	0.0,	0.0,	NaN,	299.584,	1.77
68.31777,	12.537,	11.8,	308.134,	49.523,	38.389,	306.609,	0.0,	0.0,	0.0,	NaN,	300.112,	0.0,	0.0,	0.0,	NaN,	299.588,	1.769
68.44953,	12.016,	11.255,	308.134,	49.515,	38.609,	306.609,	0.0,	0.0,	0.0,	NaN,	300.108,	0.0,	0.0,	0.0,	NaN,	299.588,	1.769
68.589554,	11.169,	10.395,	308.134,	49.572,	38.571,	306.609,	0.0,	0.0,	0.0,	NaN,	300.108,	0.0,	0.0,	0.0,	NaN,	299.588,	1.769
68.721214,	10.68,	9.943,	308.134,	49.632,	38.303,	306.609,	0.0,	0.0,	0.0,	NaN,	300.112,	0.0,	0.0,	0.0,	NaN,	299.584,	1.769
68.85776,	11.735,	11.058,	308.134,	49.619,	38.133,	306.609,	0.0,	0.0,	0.0,	NaN,	300.112,	0.0,	0.0,	0.0,	NaN,	299.584,	1.764
68.98578,	12.524,	11.791,	308.134,	49.544,	38.337,	306.609,	0.0,	0.0,	0.0,	NaN,	300.112,	0.0,	0.0,	0.0,	NaN,	299.588,	1.764
69.11347,	12.236,	11.463,	308.134,	49.505,	38.576,	306.609,	0.0,	0.0,	0.0,	NaN,	300.112,	0.0,	0.0,	0.0,	NaN,	299.588,	1.764
69.246445,	11.325,	10.55,	308.134,	49.546,	38.607,	306.609,	0.0,	0.0,	0.0,	NaN,	300.112,	0.0,	0.0,	0.0,	NaN,	299.584,	1.764
69.38369,	10.766,	10.018,	308.134,	49.613,	38.363,	306.609,	0.0,	0.0,	0.0,	NaN,	300.112,	0.0,	0.0,	0.0,	NaN,	299.588,	1.764
69.521126,	10.87,	10.184,	308.139,	49.624,	38.13,	306.609,	0.0,	0.0,	0.0,	NaN,	300.112,	0.0,	0.0,	0.0,	NaN,	299.584,	1.764
69.656624,	12.493,	11.767,	308.139,	49.57,	38.285,	306.609,	0.0,	0.0,	0.0,	NaN,	300.115,	0.0,	0.0,	0.0,	NaN,	299.588,	1.764
69.78843,	12.473,	11.708,	308.139,	49.502,	38.534,	306.609,	0.0,	0.0,	0.0,	NaN,	300.115,	0.0,	0.0,	0.0,	NaN,	299.588,	1.764
69.92033,	11.497,	10.723,	308.139,	49.519,	38.624,	306.609,	0.0,	0.0,	0.0,	NaN,	300.115,	0.0,	0.0,	0.0,	NaN,	299.588,	1.764
70.05448,	10.875,	10.118,	308.141,	49.588,	38.423,	306.609,	0.0,	0.0,	0.0,	NaN,	300.112,	0.0,	0.0,	0.0,	NaN,	299.588,	1.764
70.192726,	10.969,	10.1,	308.141,	49.63,	38.152,	306.609,	0.0,	0.0,	0.0,	NaN,	300.115,	0.0,	0.0,	0.0,	NaN,	299.584,	1.764
70.32399,	12.44,	11.723,	308.141,	49.589,	38.237,	306.609,	0.0,	0.0,	0.0,	NaN,	300.115,	0.0,	0.0,	0.0,	NaN,	299.584,	1.764
70.45281,	12.59,	11.84,	308.141,	49.514,	38.487,	306.609,	0.0,	0.0,	0.0,	NaN,	300.115,	0.0,	0.0,	0.0,	NaN,	299.588,	1.764
70.5792,	11.814,	11.047,	308.143,	49.498,	38.627,	306.609,	0.0,	0.0,	0.0,	NaN,	300.112,	0.0,	0.0,	0.0,	NaN,	299.588,	1.771
70.70614,	11.075,	10.305,	308.143,	49.551,	38.51,	306.613,	0.0,	0.0,	0.0,	NaN,	300.115,	0.0,	0.0,	0.0,	NaN,	299.588,	1.772
70.842125,	10.74,	10.014,	308.143,	49.615,	38.222,	306.613,	0.0,	0.0,	0.0,	NaN,	300.115,	0.0,	0.0,	0.0,	NaN,	299.588,	1.771
70.9767,	12.215,	11.513,	308.143,	49.613,	38.166,	306.613,	0.0,	0.0,	0.0,	NaN,	300.115,	0.0,	0.0,	0.0,	NaN,	299.588,	1.771
71.108215,	12.634,	11.896,	308.145,	49.544,	38.405,	306.613,	0.0,	0.0,	0.0,	NaN,	300.115,	0.0,	0.0,	0.0,	NaN,	299.588,	1.771
71.23868,	12.042,	11.281,	308.145,	49.489,	38.609,	306.611,	0.0,	0.0,	0.0,	NaN,	300.115,	0.0,	0.0,	0.0,	NaN,	299.588,	1.771
71.36483,	11.22,	10.444,	308.145,	49.525,	38.557,	306.611,	0.0,	0.0,	0.0,	NaN,	300.119,	0.0,	0.0,	0.0,	NaN,	299.588,	1.772
71.49985,	10.758,	10.019,	308.145,	49.591,	38.276,	306.611,	0.0,	0.0,	0.0,	NaN,	300.115,	0.0,	0.0,	0.0,	NaN,	299.588,	1.771
71.63121,	11.718,	11.047,	308.147,	49.623,	38.124,	306.611,	0.0,	0.0,	0.0,	NaN,	300.115,	0.0,	0.0,	0.0,	NaN,	299.588,	1.772
71.769295,	12.626,	11.892,	308.147,	49.568,	38.353,	306.613,	0.0,	0.0,	0.0,	NaN,	300.115,	0.0,	0.0,	0.0,	NaN,	299.588,	1.772
71.8994,	12.243,	11.473,	308.147,	49.494,	38.587,	306.613,	0.0,	0.0,	0.0,	NaN,	300.115,	0.0,	0.0,	0.0,	NaN,	299.591,	1.771
72.03982,	11.37,	10.59,	308.147,	49.504,	38.589,	306.613,	0.0,	0.0,	0.0,	NaN,	300.115,	0.0,	0.0,	0.0,	NaN,	299.588,	1.772
72.1738,	10.83,	10.08,	308.145,	49.562,	38.333,	306.613,	0.0,	0.0,	0.0,	NaN,	300.115,	0.0,	0.0,	0.0,	NaN,	299.591,	1.771
72.331726,	12.052,	11.359,	308.145,	49.614,	38.135,	306.611,	0.0,	0.0,	0.0,	NaN,	300.115,	0.0,	0.0,	0.0,	NaN,	299.591,	1.769
72.47193,	12.652,	11.918,	308.145,	49.575,	38.367,	306.611,	0.0,	0.0,	0.0,	NaN,	300.115,	0.0,	0.0,	0.0,	NaN,	299.591,	1.768
72.607704,	12.216,	11.448,	308.143,	49.498,	38.594,	306.611,	0.0,	0.0,	0.0,	NaN,	300.115,	0.0,	0.0,	0.0,	NaN,	299.591,	1.768
72.736916,	11.361,	10.581,	308.143,	49.489,	38.582,	306.609,	0.0,	0.0,	0.0,	NaN,	300.115,	0.0,	0.0,	0.0,	NaN,	299.588,	1.769
72.87473,	10.836,	10.087,	308.143,	49.554,	38.323,	306.609,	0.0,	0.0,	0.0,	NaN,	300.115,	0.0,	0.0,	0.0,	NaN,	299.591,	1.769
73.01046,	11.705,	11.036,	308.143,	49.609,	38.123,	306.609,	0.0,	0.0,	0.0,	NaN,	300.119,	0.0,	0.0,	0.0,	NaN,	299.591,	1.768
73.142365,	12.632,	11.902,	308.141,	49.59,	38.317,	306.609,	0.0,	0.0,	0.0,	NaN,	300.119,	0.0,	0.0,	0.0,	NaN,	299.588,	1.769
73.2725,	12.455,	11.681,	308.141,	49.515,	38.56,	306.609,	0.0,	0.0,	0.0,	NaN,	300.115,	0.0,	0.0,	0.0,	NaN,	299.591,	1.769
73.403496,	11.518,	10.738,	308.141,	49.477,	38.608,	306.609,	0.0,	0.0,	0.0,	NaN,	300.122,	0.0,	0.0,	0.0,	NaN,	299.588,	1.769
73.53749,	10.931,	10.173,	308.141,	49.526,	38.381,	306.609,	0.0,	0.0,	0.0,	NaN,	300.122,	0.0,	0.0,	0.0,	NaN,	299.588,	1.769
73.68668,	11.07,	10.903,	308.143,	49.599,	38.121,	306.609,	0.0,	0.0,	0.0,	NaN,	300.119,	0.0,	0.0,	0.0,	NaN,	299.591,	1.769
73.81928,	12.63,	11.902,	308.143,	49.599,	38.296,	306.609,	0.0,	0.0,	0.0,	NaN,	300.119,	0.0,	0.0,	0.0,	NaN,	299.591,	1.769
73.952995,	12.555,	11.785,	308.143,	49.528,	38.542,	306.609,	0.0,	0.0,	0.0,	NaN,	300.119,	0.0,	0.0,	0.0,	NaN,	299.591,	1.769
74.07873,	11.693,	10.917,	308.143,	49.471,	38.626,	306.609,	0.0,	0.0,	0.0,	NaN,	300.119,	0.0,	0.0,	0.0,	NaN,	299.591,	1.768
74.20646,	11.048,	10.28,	308.141,	49.5,	38.443,	306.609,	0.0,	0.0,	0.0,	NaN,	300.119,	0.0,	0.0,	0.0,	NaN,	299.591,	1.768
74.344406,	10.978,	10.279,	308.141,	49.57,	38.162,	306.609,	0.0,	0.0,	0.0,	NaN,	300.119,	0.0,	0.0,	0.0,	NaN,	299.591,	1.768
74.473114,	12.517,	11.803,	308.141,	49.605,	38.221,	306.609,	0.0,	0.0,	0.0,	NaN,	300.119,	0.0,	0.0,	0.0,	NaN,	299.591,	1.768
74.60817,	12.729,	11.983,	308.141,	49.558,	38.466,	306.609,	0.0,	0.0,	0.0,	NaN,	300.119,	0.0,	0.0,	0.0,	NaN,	299.594,	1.769
74.7489,	11.778,	11.005,	308.143,	49.478,	38.624,	306.609,	0.0,	0.0,	0.0,	NaN,	300.119,	0.0,	0.0,	0.0,	NaN,	299.594,	1.768
74.89084,	11.108,	10.337,	308.143,	49.481,	38.462,	306.609,	0.0,	0.0,	0.0,	NaN,	300.119,	0.0,	0.0,	0.0,	NaN,	299.598,	1.768
75.02319,	10.927,	10.21,	308.143,	49.549,	38.177,	306.609,	0.0,	0.0,	0.0,	NaN,	300.119,	0.0,	0.0,	0.0,	NaN,	299.598,	1.768
75.15038,	12.487,	11.776,	308.145,	49.599,	38.201,	306.609,	0.0,	0.0,	0.0,	NaN,	300.119,	0.0,	0.0,	0.0,	NaN,	299.598,	1.772
75.28857,	12.757,	12.014,	308.145,	49.572,	38.45,	306.609,	0.0,	0.0,	0.0,	NaN,	300.115,	0.0,	0.0,	0.0,	NaN,	299.601,	1.772
75.42915,	11.866,	11.094,	308.145,	49.48,	38.628,	306.613,	0.0,	0.0,	0.0,	NaN,	300.122,	0.0,	0.0,	0.0,	NaN,	299.601,	1.772
75.56522,	11.243,	10.465,	308.145,	49.471,	38.518,	306.613,	0.0,	0.0,	0.0,	NaN,	300.119,	0.0,	0.0,	0.0,	NaN,	299.601,	1.772
75.697365,	10.907,	10.179,	308.143,	49.529,	38.195,	306.613,	0.0,	0.0,	0.0,	NaN,	300.122,	0.0,	0.0,	0.0,	NaN,	299.601,	1.772
75.82777,	12.308,	11.607,	308.143,	49.585,	38.16,	306.613,	0.0,	0.0,	0.0,	NaN,	300.119,	0.0,	0.0,	0.0,	NaN,	299.601,	1.772
75.954475,	12.764,	12.027,	308.143,	49.587,	38.399,	306.611,	0.0,	0.0,	0.0,	NaN,	300.122,	0.0,	0.0,	0.0,	NaN,	299.605,	1.772
76.08044,	12.312,	11.543,	308.143,	49.529,	38.593,	306.611,	0.0,	0.0,	0.0,	NaN,	300.122,	0.0,	0.0,	0.0,	NaN,	299.598,	1.772
76.21086,	11.463,	10.679,	308.145,	49.459,	38.583,	306.611,	0.0,	0.0,	0.0,	NaN,	300.119,	0.0,	0.0,	0.0,	NaN,	299.598,	1.772
76.34449,	10.933,	10.179,	308.145,	49.484,	38.324,	306.611,	0.0,	0.0,	0.0,	NaN,	300.119,	0.0,	0.0,	0.0,	NaN,	299.598,	1.772
76.472374,	11.779,	11.107,	308.145,	49.555,	38.127,	306.609,	0.0,	0.0,	0.0,	NaN,	300.122,	0.0,	0.0,	0.0,	NaN,	299.598,	1.772
76.60432,	12.715,	11.987,	308.145,	49.593,	38.32,	306.609,	0.0,	0.0,	0.0,	NaN,	300.122,	0.0,	0.0,	0.0,	NaN,	299.598,	1.772
76.73056,	12.548,	11.773,	308.143,	49.55,	38.566,	306.609,	0.0,	0.0,	0.0,	NaN,	300.122,	0.0,	0.0,	0.0,	NaN,	299.601,	1.772
76.868645,	11.619,	10.836,	308.143,	49.475,	38.62,	306.609,	0.0,	0.0,	0.0,	NaN,	300.122,	0.0,	0.0,	0.0,	NaN,	299.598,	1.778
76.99616,	11.028,	10.264,	308.143,	49.467,	38.388,	306.609,	0.0,	0.0,	0.0,	NaN,	300.122,	0.0,	0.0,	0.0,	NaN,	299.598,	1.778
77.12885,	11.152,	10.279,	308.143,	49.527,	38.141,	306.609,	0.0,	0.0,	0.0,	NaN,	300.122,	0.0,	0.0,	0.0,	NaN,	299.601,	1.778
77.26453,	12.62,	11.903,	308.141,	49.582,	38.241,	306.609,	0.0,	0.0,	0.0,	NaN,	300.126,	0.0,	0.0,	0.0,	NaN,	299.601,	1.778
77.39397,	12.736,	11.978,	308.141,	49.573,	38.525,	306.609,	0.0,	0.0,	0.0,	NaN,	300.122,	0.0,	0.0,	0.0,	NaN,	299.601,	1.778
77.53693,	11.789,	11.011,	308.141,	49.491,	38.632,	306.609,	0.0,	0.0,	0.0,	NaN,	300.126,	0.0,	0.0,	0.0,	NaN,	299.601,	1.778
77.66344,	11.142,	10.37,	308.141,	49.451,	38.446,	306.609,	0.0,	0.0,	0.0,	NaN,	300.126,	0.0,	0.0,	0.0,	NaN,	299.601,	1.778
77.79916,	11.06,	10.355,	308.139,	49.499,	38.17,	306.609,	0.0,	0.0,	0.0,	NaN,	300.126,	0.0,	0.0,	0.0,	NaN,	299.601,	1.778
77.92709,	12.591,	11.878,	308.139,	49.571,	38.227,	306.609,	0.0,	0.0,	0.0,	NaN,	300.126,	0.0,	0.0,	0.0,	NaN,	299.601,	1.778
78.063484,	12.81,	12.065,	308.139,	49.58,	38.476,	306.609,	0.0,	0.0,	0.0,	NaN,	300.122,	0.0,	0.0,	0.0,	NaN,	299.601,	1.778
78.20857,	11.983,	11.211,	308.139,	49.519,	38.638,	306.609,	0.0,	0.0,	0.0,	NaN,	300.126,	0.0,	0.0,	0.0,	NaN,	299.601,	1.778
78.336174,	11.269,	10.49,	308.136,	49.451,	38.508,	306.609,	0.0,	0.0,	0.0,	NaN,	300.126,	0.0,	0.0,	0.0,	NaN,	299.601,	1.778
78.465004,	10.954,	10.219,	308.136,	49.464,	38.212,	306.613,	0.0,	0.0,	0.0,	NaN,	300.122,	0.0,	0.0,	0.0,	NaN,	299.601,	1.778
78.5945,	12.446,	11.742,	308.136,	49.543,	38.185,	306.613,	0.0,	0.0,	0.0,	NaN,	300.122,	0.0,	0.0,	0.0,	NaN,	299.601,	1.778
78.73235,	12.815,	12.081,	308.136,	49.579,	38.403,	306.613,	0.0,	0.0,	0.0,	NaN,	300.122,	0.0,	0.0,	0.0,	NaN,	299.601,	1.778
78.88236,	12.075,	11.305,	308.134,	49.531,	38.637,	306.613,	0.0,	0.0,	0.0,	NaN,	300.122,	0.0,	0.0,	0.0,	NaN,	299.601,	1.778
79.015854,	11.329,	10.547,	308.134,	49.452,	38.53,	306.611,	0.0,	0.0,	0.0,	NaN,	300.122,	0.0,	0.0,	0.0,	NaN,	299.601,	1.777
79.14519,	10.951,	10.203,	308.134,	49.455,	38.274,	306.611,	0.0,	0.0,	0.0,	NaN,	300.122,	0.0,	0.0,	0.0,	NaN,	299.601,	1.778
79.27344,	12.206,	11.513,	308.134,	49.514,	38.154,	306.611,	0.0,	0.0,	0.0,	NaN,	300.122,	0.0,	0.0,	0.0,	NaN,	299.601,	1.777
79.402855,	12.819,	12.086,	308.139,	49.572,	38.381,	306.611,	0.0,	0.0,	0.0,	NaN,	300.119,	0.0,	0.0,	0.0,	NaN,	299.605,	1.778
79.53251,	12.394,	11.625,	308.139,	49.562,	38.612,	306.609,	0.0,	0.0,	0.0,	NaN,	300.122,	0.0,	0.0,	0.0,	NaN,	299.601,	1.778
79.661194,	11.635,	10.849,	308.139,	49.495,	38.617,	306.609,	0.0,	0.0,	0.0,	NaN,	300.122,	0.0,	0.0,	0.0,	NaN,	299.605,	1.778
79.79317,	11.064,	10.299,	308.139,	49.445,	38.375,	306.609,	0.0,	0.0,	0.0,	NaN,	300.122,	0.0,	0.0,	0.0,	NaN,	299.601,	1.778
79.92956,	11.137,	10.439,	308.141,	49.476,	38.139,	306.609,	0.0,	0.0,	0.0,	NaN,	300.122,	0.0,	0.0,	0.0,	NaN,	299.601,	1.778
80.054375,	12.757,	12.033,	308.141,	49.548,	38.301,	306.609,	0.0,	0.0,	0.0,	NaN,	300.122,	0.0,	0.0,	0.0,	NaN,	299.598,	1.778
80.182205,	12.748,	11.984,	308.141,	49.573,	38.552,	306.609,	0.0,	0.0,	0.0,	NaN,	300.122,	0.0,	0.0,	0.0,	NaN,	299.601,	1.778
80.31338,	11.797,	11.015,	308.139,	49.518,	38.635,	306.609,	0.0,	0.0,	0.0,	NaN,	300.122,	0.0,	0.0,	0.0,	NaN,	299.601,	1.782
80.451096,	11.172,	10.399,	308.139,	49.447,	38.436,	306.609,	0.0,	0.0,	0.0,	NaN,	300.119,	0.0,	0.0,	0.0,	NaN,	299.601,	1.782
80.58225,	11.228,	10.352,	308.139,	49.455,	38.164,	306.609,	0.0,	0.0,	0.0,	NaN,	300.119,	0.0,	0.0,	0.0,	NaN,	299.601,	1.782
80.71945,	12.692,	11.976,	308.139,	49.52,	38.255,	306.609,	0.0,	0.0,	0.0,	NaN,	300.119,	0.0,	0.0,	0.0,	NaN,	299.598,	1.782
80.85293,	12.856,	12.108,	308.141,	49.569,	38.507,	306.609,	0.0,	0.0,	0.0,	NaN,	300.119,	0.0,	0.0,	0.0,	NaN,	299.598,	1.782
80.98266,	12.099,	11.327,	308.141,	49.551,	38.645,	306.609,	0.0,	0.0,	0.0,	NaN,	300.119,	0.0,	0.0,	0.0,	NaN,	299.601,	1.782
81.137276,	11.225,	10.449,	308.141,	49.457,	38.462,	306.609,	0.0,	0.0,	0.0,	NaN,	300.119,	0.0,	0.0,	0.0,	NaN,	299.601,	1.782
81.267,	11.135,	10.427,	308.141,	49.442,	38.183,	306.609,	0.0,	0.0,	0.0,	NaN,	300.119,	0.0,	0.0,	0.0,	NaN,	299.601,	1.782
81.39634,	12.664,	11.952,	308.139,	49.5,	38.241,	306.609,	0.0,	0.0,	0.0,	NaN,	300.119,	0.0,	0.0,	0.0,	NaN,	299.598,	1.782
81.53246,	12.895,	12.156,	308.139,	49.557,	38.458,	306.609,	0.0,	0.0,	0.0,	NaN,	300.119,	0.0,	0.0,	0.0,	NaN,	299.598,	1.782
81.65983,	12.065,	11.291,	308.139,	49.548,	38.65,	306.609,	0.0,	0.0,	0.0,	NaN,	300.119,	0.0,	0.0,	0.0,	NaN,	299.601,	1.782
81.79824,	11.425,	10.64,	308.139,	49.486,	38.553,	306.609,	0.0,	0.0,	0.0,	NaN,	300.119,	0.0,	0.0,	0.0,	NaN,	299.598,	1.782
81.9225,	11.013,	10.266,	308.136,	49.43,	38.263,	306.609,	0.0,	0.0,	0.0,	NaN,	300.119,	0.0,	0.0,	0.0,	NaN,	299.598,	1.782
82.04887,	12.368,	11.67,	308.136,	49.459,	38.173,	306.609,	0.0,	0.0,	0.0,	NaN,	300.122,	0.0,	0.0,	0.0,	NaN,	299.598,	1.782
82.18551,	12.889,	12.155,	308.136,	49.535,	38.412,	306.609,	0.0,	0.0,	0.0,	NaN,	300.122,	0.0,	0.0,	0.0,	NaN,	299.598,	1.782
82.32019,	12.39,	11.625,	308.136,	49.56,	38.628,	306.609,	0.0,	0.0,	0.0,	NaN,	300.122,	0.0,	0.0,	0.0,	NaN,	299.598,	1.782
82.45709,	11.565,	10.776,	308.134,	49.51,	38.595,	306.609,	0.0,	0.0,	0.0,	NaN,	300.122,	0.0,	0.0,	0.0,	NaN,	299.601,	1.782
82.58529,	11.054,	10.296,	308.134,	49.435,	38.324,	306.609,	0.0,	0.0,	0.0,	NaN,	300.122,	0.0,	0.0,	0.0,	NaN,	299.601,	1.782
82.71377,	12.05,	11.369,	308.134,	49.441,	38.161,	306.609,	0.0,	0.0,	0.0,	NaN,	300.122,	0.0,	0.0,	0.0,	NaN,	299.601,	1.782
82.84657,	12.862,	12.133,	308.134,	49.505,	38.365,	306.609,	0.0,	0.0,	0.0,	NaN,	300.122,	0.0,	0.0,	0.0,	NaN,	299.605,	1.782
82.98049,	12.736,	11.964,	308.139,	49.555,	38.583,	306.609,	0.0,	0.0,	0.0,	NaN,	300.122,	0.0,	0.0,	0.0,	NaN,	299.601,	1.782
83.1076,	11.802,	11.015,	308.139,	49.537,	38.642,	306.609,	0.0,	0.0,	0.0,	NaN,	300.122,	0.0,	0.0,	0.0,	NaN,	299.601,	1.782
83.24368,	11.195,	10.422,	308.139,	49.462,	38.426,	306.609,	0.0,	0.0,	0.0,	NaN,	300.119,	0.0,	0.0,	0.0,	NaN,	299.605,	1.782
83.38139,	11.207,	10.505,	308.139,	49.422,	38.153,	306.609,	0.0,	0.0,	0.0,	NaN,	300.122,	0.0,	0.0,	0.0,	NaN,	299.605,	1.782
83.51352,	12.825,	12.101,	308.136,	49.476,	38.319,	306.609,	0.0,	0.0,	0.0,	NaN,	300.122,	0.0,	0.0,	0.0,	NaN,	299.605,	1.782
83.64506,	12.818,	12.054,	308.136,	49.544,	38.565,	306.613,	0.0,	0.0,	0.0,	NaN,	300.122,	0.0,	0.0,	0.0,	NaN,	299.605,	1.782
83.78457,	11.874,	11.09,	308.136,	49.544,	38.653,	306.613,	0.0,	0.0,	0.0,	NaN,	300.119,	0.0,	0.0,	0.0,	NaN,	299.605,	1.788
83.91422,	11.248,	10.472,	308.136,	49.472,	38.449,	306.613,	0.0,	0.0,	0.0,	NaN,	300.122,	0.0,	0.0,	0.0,	NaN,	299.605,	1.788
84.058586,	11.297,	10.42,	308.139,	49.417,	38.184,	306.613,	0.0,	0.0,	0.0,	NaN,	300.122,	0.0,	0.0,	0.0,	NaN,	299.605,	1.788
84.188126,	12.757,	12.042,	308.139,	49.451,	38.274,	306.615,	0.0,	0.0,	0.0,	NaN,	300.122,	0.0,	0.0,	0.0,	NaN,	299.608,	1.788
84.31884,	12.924,	12.177,	308.139,	49.522,	38.524,	306.615,	0.0,	0.0,	0.0,	NaN,	300.122,	0.0,	0.0,	0.0,	NaN,	299.605,	1.788
84.45401,	12.054,	11.277,	308.136,	49.543,	38.66,	306.615,	0.0,	0.0,	0.0,	NaN,	300.126,	0.0,	0.0,	0.0,	NaN,	299.605,	1.788
84.58255,	11.371,	10.588,	308.136,	49.5,	38.515,	306.615,	0.0,	0.0,	0.0,	NaN,	300.122,	0.0,	0.0,	0.0,	NaN,	299.608,	1.788
84.72326,	11.112,	10.376,	308.136,	49.424,	38.228,	306.613,	0.0,	0.0,	0.0,	NaN,	300.122,	0.0,	0.0,	0.0,	NaN,	299.605,	1.788
84.85116,	12.638,	11.931,	308.136,	49.423,	38.231,	306.613,	0.0,	0.0,	0.0,	NaN,	300.122,	0.0,	0.0,	0.0,	NaN,	299.605,	1.788
84.98543,	12.962,	12.224,	308.134,	49.491,	38.475,	306.613,	0.0,	0.0,	0.0,	NaN,	300.122,	0.0,	0.0,	0.0,	NaN,	299.605,	1.788
85.115265,	12.383,	11.621,	308.134,	49.543,	38.653,	306.613,	0.0,	0.0,	0.0,	NaN,	300.126,	0.0,	0.0,	0.0,	NaN,	299.605,	1.788
85.24536,	11.502,	10.713,	308.134,	49.519,	38.565,	306.615,	0.0,	0.0,	0.0,	NaN,	300.122,	0.0,	0.0,	0.0,	NaN,	299.608,	1.788
85.38606,	11.084,	10.333,	308.134,	49.441,	38.279,	306.615,	0.0,	0.0,	0.0,	NaN,	300.126,	0.0,	0.0,	0.0,	NaN,	299.605,	1.788
85.519966,	12.429,	11.731,	308.134,	49.415,	38.195,	306.615,	0.0,	0.0,	0.0,	NaN,	300.126,	0.0,	0.0,	0.0,	NaN,	299.605,	1.786
85.65138,	12.954,	12.221,	308.134,	49.457,	38.429,	306.613,	0.0,	0.0,	0.0,	NaN,	300.126,	0.0,	0.0,	0.0,	NaN,	299.608,	1.786
85.7796,	12.568,	11.798,	308.134,	49.524,	38.63,	306.613,	0.0,	0.0,	0.0,	NaN,	300.126,	0.0,	0.0,	0.0,	NaN,	299.608,	1.786
85.9124,	11.639,	10.846,	308.134,	49.534,	38.614,	306.613,	0.0,	0.0,	0.0,	NaN,	300.126,	0.0,	0.0,	0.0,	NaN,	299.605,	1.786
86.05014,	11.124,	10.362,	308.139,	49.467,	38.342,	306.613,	0.0,	0.0,	0.0,	NaN,	300.129,	0.0,	0.0,	0.0,	NaN,	299.608,	1.786
86.17823,	12.112,	11.431,	308.139,	49.404,	38.177,	306.615,	0.0,	0.0,	0.0,	NaN,	300.129,	0.0,	0.0,	0.0,	NaN,	299.608,	1.786
86.31658,	12.927,	12.198,	308.139,	49.436,	38.383,	306.615,	0.0,	0.0,	0.0,	NaN,	300.129,	0.0,	0.0,	0.0,	NaN,	299.612,	1.786
86.446365,	12.659,	11.885,	308.139,	49.508,	38.62,	306.615,	0.0,	0.0,	0.0,	NaN,	300.129,	0.0,	0.0,	0.0,	NaN,	299.608,	1.785
86.58332,	11.786,	10.994,	308.136,	49.537,	38.647,	306.615,	0.0,	0.0,	0.0,	NaN,	300.129,	0.0,	0.0,	0.0,	NaN,	299.608,	1.786
86.71269,	11.267,	10.491,	308.136,	49.498,	38.444,	306.617,	0.0,	0.0,	0.0,	NaN,	300.133,	0.0,	0.0,	0.0,	NaN,	299.608,	1.786
86.8373,	11.27,	10.566,	308.136,	49.418,	38.186,	306.617,	0.0,	0.0,	0.0,	NaN,	300.133,	0.0,	0.0,	0.0,	NaN,	299.608,	1.786
86.96347,	12.839,	12.12,	308.136,	49.41,	38.308,	306.617,	0.0,	0.0,	0.0,	NaN,	300.129,	0.0,	0.0,	0.0,	NaN,	299.612,	1.786
87.09599,	12.951,	12.2,	308.134,	49.472,	38.561,	306.617,	0.0,	0.0,	0.0,	NaN,	300.129,	0.0,	0.0,	0.0,	NaN,	299.612,	1.786
87.24407,	12.042,	11.261,	308.134,	49.53,	38.682,	306.62,	0.0,	0.0,	0.0,	NaN,	300.129,	0.0,	0.0,	0.0,	NaN,	299.612,	1.795
87.37215,	11.382,	10.599,	308.134,	49.516,	38.509,	306.62,	0.0,	0.0,	0.0,	NaN,	300.133,	0.0,	0.0,	0.0,	NaN,	299.612,	1.794
87.49912,	11.203,	10.478,	308.134,	49.441,	38.226,	306.62,	0.0,	0.0,	0.0,	NaN,	300.129,	0.0,	0.0,	0.0,	NaN,	299.612,	1.794
87.63423,	12.739,	12.03,	308.134,	49.397,	38.261,	306.62,	0.0,	0.0,	0.0,	NaN,	300.133,	0.0,	0.0,	0.0,	NaN,	299.612,	1.794
87.76476,	13.006,	12.264,	308.134,	49.442,	38.516,	306.617,	0.0,	0.0,	0.0,	NaN,	300.129,	0.0,	0.0,	0.0,	NaN,	299.612,	1.795
87.90604,	12.237,	11.463,	308.134,	49.507,	38.686,	306.617,	0.0,	0.0,	0.0,	NaN,	300.133,	0.0,	0.0,	0.0,	NaN,	299.612,	1.794
88.03635,	11.508,	10.718,	308.134,	49.525,	38.564,	306.617,	0.0,	0.0,	0.0,	NaN,	300.129,	0.0,	0.0,	0.0,	NaN,	299.612,	1.795
88.16301,	11.139,	10.39,	308.139,	49.464,	38.277,	306.617,	0.0,	0.0,	0.0,	NaN,	300.133,	0.0,	0.0,	0.0,	NaN,	299.612,	1.795
88.29512,	12.567,	11.865,	308.139,	49.397,	38.224,	306.62,	0.0,	0.0,	0.0,	NaN,	300.133,	0.0,	0.0,	0.0,	NaN,	299.608,	1.794
88.43881,	13.009,	12.275,	308.139,	49.414,	38.466,	306.62,	0.0,	0.0,	0.0,	NaN,	300.133,	0.0,	0.0,	0.0,	NaN,	299.608,	1.794
88.57185,	12.443,	11.679,	308.139,	49.486,	38.68,	306.62,	0.0,	0.0,	0.0,	NaN,	300.133,	0.0,	0.0,	0.0,	NaN,	299.608,	1.794
88.70499,	11.642,	10.848,	308.136,	49.524,	38.619,	306.62,	0.0,	0.0,	0.0,	NaN,	300.133,	0.0,	0.0,	0.0,	NaN,	299.612,	1.794
88.82946,	11.154,	10.394,	308.136,	49.486,	38.334,	306.622,	0.0,	0.0,	0.0,	NaN,	300.133,	0.0,	0.0,	0.0,	NaN,	299.612,	1.793
88.988365,	12.484,	11.785,	308.136,	49.4,	38.215,	306.622,	0.0,	0.0,	0.0,	NaN,	300.136,	0.0,	0.0,	0.0,	NaN,	299.612,	1.789
89.11692,	13.01,	12.278,	308.139,	49.403,	38.455,	306.622,	0.0,	0.0,	0.0,	NaN,	300.136,	0.0,	0.0,	0.0,	NaN,	299.612,	1.789
89.24522,	12.519,	11.754,	308.139,	49.462,	38.674,	306.622,	0.0,	0.0,	0.0,	NaN,	300.136,	0.0,	0.0,	0.0,	NaN,	299.612,	1.789
89.376,	11.784,	10.99,	308.139,	49.516,	38.654,	306.62,	0.0,	0.0,	0.0,	NaN,	300.136,	0.0,	0.0,	0.0,	NaN,	299.608,	1.789
89.50277,	11.226,	10.455,	308.139,	49.504,	38.401,	306.62,	0.0,	0.0,	0.0,	NaN,	300.136,	0.0,	0.0,	0.0,	NaN,	299.608,	1.789
89.64016,	11.434,	11.246,	308.136,	49.431,	38.193,	306.62,	0.0,	0.0,	0.0,	NaN,	300.14,	0.0,	0.0,	0.0,	NaN,	299.612,	1.789
89.77223,	12.95,	12.225,	308.136,	49.384,	38.376,	306.62,	0.0,	0.0,	0.0,	NaN,	300.14,	0.0,	0.0,	0.0,	NaN,	299.612,	1.789
89.9002,	12.858,	12.087,	308.136,	49.426,	38.621,	306.622,	0.0,	0.0,	0.0,	NaN,	300.14,	0.0,	0.0,	0.0,	NaN,	299.612,	1.789
90.03513,	11.935,	11.145,	308.136,	49.5,	38.684,	306.622,	0.0,	0.0,	0.0,	NaN,	300.14,	0.0,	0.0,	0.0,	NaN,	299.612,	1.789
90.16513,	11.325,	10.547,	308.139,	49.515,	38.467,	306.622,	0.0,	0.0,	0.0,	NaN,	300.14,	0.0,	0.0,	0.0,	NaN,	299.612,	1.789
90.29934,	11.324,	10.617,	308.139,	49.456,	38.208,	306.62,	0.0,	0.0,	0.0,	NaN,	300.14,	0.0,	0.0,	0.0,	NaN,	299.612,	1.789
90.43322,	12.889,	12.171,	308.139,	49.381,	38.329,	306.62,	0.0,	0.0,	0.0,	NaN,	300.143,	0.0,	0.0,	0.0,	NaN,	299.608,	1.789
90.56035,	13.005,	12.255,	308.139,	49.398,	38.581,	306.62,	0.0,	0.0,	0.0,	NaN,	300.14,	0.0,	0.0,	0.0,	NaN,	299.612,	1.799
90.69585,	12.212,	11.435,	308.141,	49.463,	38.708,	306.62,	0.0,	0.0,	0.0,	NaN,	300.14,	0.0,	0.0,	0.0,	NaN,	299.612,	1.799
90.82359,	11.513,	10.724,	308.141,	49.511,	38.567,	306.617,	0.0,	0.0,	0.0,	NaN,	300.14,	0.0,	0.0,	0.0,	NaN,	299.612,	1.799
90.95538,	11.197,	10.45,	308.141,	49.484,	38.277,	306.617,	0.0,	0.0,	0.0,	NaN,	300.14,	0.0,	0.0,	0.0,	NaN,	299.612,	1.799
91.088974,	12.678,	11.974,	308.141,	49.403,	38.258,	306.617,	0.0,	0.0,	0.0,	NaN,	300.14,	0.0,	0.0,	0.0,	NaN,	299.612,	1.8
91.219696,	13.056,	12.32,	308.143,	49.379,	38.5,	306.617,	0.0,	0.0,	0.0,	NaN,	300.143,	0.0,	0.0,	0.0,	NaN,	299.612,	1.799
91.34749,	12.419,	11.651,	308.143,	49.431,	38.699,	306.615,	0.0,	0.0,	0.0,	NaN,	300.14,	0.0,	0.0,	0.0,	NaN,	299.612,	1.799
91.47921,	11.64,	10.846,	308.143,	49.494,	38.617,	306.615,	0.0,	0.0,	0.0,	NaN,	300.14,	0.0,	0.0,	0.0,	NaN,	299.612,	1.799
91.61014,	11.184,	10.425,	308.143,	49.499,	38.336,	306.615,	0.0,	0.0,	0.0,	NaN,	300.136,	0.0,	0.0,	0.0,	NaN,	299.612,	1.799
91.752396,	12.437,	11.741,	308.141,	49.428,	38.229,	306.615,	0.0,	0.0,	0.0,	NaN,	300.14,	0.0,	0.0,	0.0,	NaN,	299.612,	1.799
91.88434,	13.035,	12.304,	308.141,	49.367,	38.454,	306.613,	0.0,	0.0,	0.0,	NaN,	300.14,	0.0,	0.0,	0.0,	NaN,	299.612,	1.799
92.01298,	12.721,	11.948,	308.141,	49.399,	38.666,	306.613,	0.0,	0.0,	0.0,	NaN,	300.136,	0.0,	0.0,	0.0,	NaN,	299.612,	1.799
92.13971,	11.86,	11.065,	308.141,	49.467,	38.68,	306.613,	0.0,	0.0,	0.0,	NaN,	300.14,	0.0,	0.0,	0.0,	NaN,	299.612,	1.799
92.26815,	11.287,	10.513,	308.139,	49.509,	38.437,	306.613,	0.0,	0.0,	0.0,	NaN,	300.14,	0.0,	0.0,	0.0,	NaN,	299.612,	1.795
92.39894,	11.38,	10.679,	308.139,	49.461,	38.21,	306.611,	0.0,	0.0,	0.0,	NaN,	300.14,	0.0,	0.0,	0.0,	NaN,	299.612,	1.794
92.53188,	12.966,	12.243,	308.139,	49.385,	38.381,	306.611,	0.0,	0.0,	0.0,	NaN,	300.143,	0.0,	0.0,	0.0,	NaN,	299.612,	1.793
92.68703,	12.815,	12.04,	308.139,	49.382,	38.658,	306.611,	0.0,	0.0,	0.0,	NaN,	300.14,	0.0,	0.0,	0.0,	NaN,	299.612,	1.794
92.82022,	11.923,	11.129,	308.141,	49.444,	38.7,	306.611,	0.0,	0.0,	0.0,	NaN,	300.14,	0.0,	0.0,	0.0,	NaN,	299.612,	1.794
92.95015,	11.329,	10.551,	308.141,	49.494,	38.465,	306.609,	0.0,	0.0,	0.0,	NaN,	300.14,	0.0,	0.0,	0.0,	NaN,	299.608,	1.794
93.08348,	11.466,	10.573,	308.141,	49.476,	38.221,	306.609,	0.0,	0.0,	0.0,	NaN,	300.136,	0.0,	0.0,	0.0,	NaN,	299.608,	1.794
93.21231,	12.947,	12.227,	308.141,	49.393,	38.365,	306.609,	0.0,	0.0,	0.0,	NaN,	300.14,	0.0,	0.0,	0.0,	NaN,	299.608,	1.794
93.35111,	13.005,	12.247,	308.139,	49.362,	38.615,	306.609,	0.0,	0.0,	0.0,	NaN,	300.136,	0.0,	0.0,	0.0,	NaN,	299.612,	1.794
93.48566,	12.081,	11.295,	308.139,	49.41,	38.716,	306.613,	0.0,	0.0,	0.0,	NaN,	300.136,	0.0,	0.0,	0.0,	NaN,	299.608,	1.794
93.6183,	11.437,	10.652,	308.139,	49.486,	38.53,	306.613,	0.0,	0.0,	0.0,	NaN,	300.136,	0.0,	0.0,	0.0,	NaN,	299.605,	1.794
93.74388,	11.359,	10.649,	308.141,	49.489,	38.256,	306.613,	0.0,	0.0,	0.0,	NaN,	300.136,	0.0,	0.0,	0.0,	NaN,	299.605,	1.794
93.878914,	12.863,	12.152,	308.141,	49.417,	38.323,	306.613,	0.0,	0.0,	0.0,	NaN,	300.133,	0.0,	0.0,	0.0,	NaN,	299.605,	1.794
94.026276,	13.048,	12.299,	308.141,	49.358,	38.602,	306.615,	0.0,	0.0,	0.0,	NaN,	300.136,	0.0,	0.0,	0.0,	NaN,	299.608,	1.803
94.16002,	12.153,	11.369,	308.141,	49.399,	38.727,	306.615,	0.0,	0.0,	0.0,	NaN,	300.133,	0.0,	0.0,	0.0,	NaN,	299.608,	1.803
94.3009,	11.489,	10.701,	308.143,	49.47,	38.559,	306.615,	0.0,	0.0,	0.0,	NaN,	300.133,	0.0,	0.0,	0.0,	NaN,	299.608,	1.803
94.43087,	11.294,	10.562,	308.143,	49.491,	38.271,	306.613,	0.0,	0.0,	0.0,	NaN,	300.133,	0.0,	0.0,	0.0,	NaN,	299.608,	1.803
94.59642,	12.956,	12.236,	308.143,	49.413,	38.369,	306.613,	0.0,	0.0,	0.0,	NaN,	300.133,	0.0,	0.0,	0.0,	NaN,	299.608,	1.803
94.733696,	13.038,	12.284,	308.143,	49.358,	38.617,	306.613,	0.0,	0.0,	0.0,	NaN,	300.133,	0.0,	0.0,	0.0,	NaN,	299.605,	1.803
94.8624,	12.122,	11.335,	308.145,	49.388,	38.728,	306.613,	0.0,	0.0,	0.0,	NaN,	300.136,	0.0,	0.0,	0.0,	NaN,	299.608,	1.803
94.99551,	11.541,	10.751,	308.145,	49.451,	38.586,	306.611,	0.0,	0.0,	0.0,	NaN,	300.136,	0.0,	0.0,	0.0,	NaN,	299.608,	1.803
95.12405,	11.262,	10.518,	308.145,	49.49,	38.295,	306.611,	0.0,	0.0,	0.0,	NaN,	300.129,	0.0,	0.0,	0.0,	NaN,	299.608,	1.803
95.2587,	12.865,	12.154,	308.145,	49.435,	38.332,	306.611,	0.0,	0.0,	0.0,	NaN,	300.133,	0.0,	0.0,	0.0,	NaN,	299.608,	1.803
95.39323,	13.104,	12.361,	308.143,	49.361,	38.579,	306.611,	0.0,	0.0,	0.0,	NaN,	300.133,	0.0,	0.0,	0.0,	NaN,	299.608,	1.803
95.525024,	12.309,	11.532,	308.143,	49.362,	38.742,	306.613,	0.0,	0.0,	0.0,	NaN,	300.133,	0.0,	0.0,	0.0,	NaN,	299.608,	1.803
95.66014,	11.598,	10.805,	308.143,	49.431,	38.606,	306.613,	0.0,	0.0,	0.0,	NaN,	300.133,	0.0,	0.0,	0.0,	NaN,	299.612,	1.803
95.82403,	11.295,	10.557,	308.145,	49.484,	38.287,	306.613,	0.0,	0.0,	0.0,	NaN,	300.133,	0.0,	0.0,	0.0,	NaN,	299.608,	1.8
95.959816,	12.903,	12.19,	308.145,	49.441,	38.339,	306.613,	0.0,	0.0,	0.0,	NaN,	300.129,	0.0,	0.0,	0.0,	NaN,	299.608,	1.8
96.09758,	13.105,	12.361,	308.145,	49.361,	38.595,	306.611,	0.0,	0.0,	0.0,	NaN,	300.129,	0.0,	0.0,	0.0,	NaN,	299.608,	1.799
96.23818,	12.274,	11.494,	308.145,	49.353,	38.745,	306.611,	0.0,	0.0,	0.0,	NaN,	300.129,	0.0,	0.0,	0.0,	NaN,	299.608,	1.8
96.36563,	11.581,	10.789,	308.147,	49.415,	38.597,	306.611,	0.0,	0.0,	0.0,	NaN,	300.133,	0.0,	0.0,	0.0,	NaN,	299.608,	1.8
96.50017,	11.272,	10.524,	308.147,	49.474,	38.311,	306.609,	0.0,	0.0,	0.0,	NaN,	300.133,	0.0,	0.0,	0.0,	NaN,	299.608,	1.8
96.630806,	12.762,	12.057,	308.147,	49.457,	38.304,	306.609,	0.0,	0.0,	0.0,	NaN,	300.133,	0.0,	0.0,	0.0,	NaN,	299.612,	1.8
96.784386,	13.125,	12.384,	308.147,	49.369,	38.582,	306.609,	0.0,	0.0,	0.0,	NaN,	300.129,	0.0,	0.0,	0.0,	NaN,	299.608,	1.8
96.91197,	12.482,	11.712,	308.149,	49.345,	38.743,	306.609,	0.0,	0.0,	0.0,	NaN,	300.129,	0.0,	0.0,	0.0,	NaN,	299.612,	1.8
97.04132,	11.711,	10.914,	308.149,	49.388,	38.652,	306.613,	0.0,	0.0,	0.0,	NaN,	300.129,	0.0,	0.0,	0.0,	NaN,	299.612,	1.8
97.16926,	11.259,	10.497,	308.149,	49.46,	38.368,	306.613,	0.0,	0.0,	0.0,	NaN,	300.129,	0.0,	0.0,	0.0,	NaN,	299.612,	1.8
97.30093,	12.531,	11.834,	308.149,	49.469,	38.269,	306.613,	0.0,	0.0,	0.0,	NaN,	300.129,	0.0,	0.0,	0.0,	NaN,	299.612,	1.8
97.43739,	13.111,	12.381,	308.152,	49.404,	38.498,	306.613,	0.0,	0.0,	0.0,	NaN,	300.129,	0.0,	0.0,	0.0,	NaN,	299.612,	1.805
97.56592,	12.668,	11.9,	308.152,	49.342,	38.726,	306.611,	0.0,	0.0,	0.0,	NaN,	300.129,	0.0,	0.0,	0.0,	NaN,	299.612,	1.804
97.69381,	11.848,	11.05,	308.152,	49.36,	38.702,	306.611,	0.0,	0.0,	0.0,	NaN,	300.133,	0.0,	0.0,	0.0,	NaN,	299.612,	1.805
97.82768,	11.313,	10.54,	308.152,	49.433,	38.433,	306.611,	0.0,	0.0,	0.0,	NaN,	300.133,	0.0,	0.0,	0.0,	NaN,	299.608,	1.805
97.961075,	12.184,	11.504,	308.154,	49.472,	38.253,	306.611,	0.0,	0.0,	0.0,	NaN,	300.133,	0.0,	0.0,	0.0,	NaN,	299.612,	1.804
98.09569,	13.075,	12.349,	308.154,	49.429,	38.458,	306.613,	0.0,	0.0,	0.0,	NaN,	300.129,	0.0,	0.0,	0.0,	NaN,	299.608,	1.805
98.23397,	12.875,	12.099,	308.154,	49.347,	38.697,	306.613,	0.0,	0.0,	0.0,	NaN,	300.129,	0.0,	0.0,	0.0,	NaN,	299.608,	1.804
98.36193,	11.995,	11.198,	308.154,	49.343,	38.739,	306.613,	0.0,	0.0,	0.0,	NaN,	300.133,	0.0,	0.0,	0.0,	NaN,	299.605,	1.805
98.49422,	11.402,	10.62,	308.156,	49.403,	38.499,	306.613,	0.0,	0.0,	0.0,	NaN,	300.129,	0.0,	0.0,	0.0,	NaN,	299.608,	1.804
98.62794,	11.559,	10.658,	308.156,	49.465,	38.261,	306.611,	0.0,	0.0,	0.0,	NaN,	300.129,	0.0,	0.0,	0.0,	NaN,	299.605,	1.804
98.7651,	13.021,	12.302,	308.156,	49.451,	38.412,	306.611,	0.0,	0.0,	0.0,	NaN,	300.133,	0.0,	0.0,	0.0,	NaN,	299.608,	1.805
98.89725,	13.07,	12.311,	308.156,	49.369,	38.656,	306.611,	0.0,	0.0,	0.0,	NaN,	300.129,	0.0,	0.0,	0.0,	NaN,	299.608,	1.805
99.02739,	12.15,	11.361,	308.154,	49.336,	38.764,	306.611,	0.0,	0.0,	0.0,	NaN,	300.129,	0.0,	0.0,	0.0,	NaN,	299.608,	1.804
99.16048,	11.579,	10.786,	308.154,	49.366,	38.605,	306.609,	0.0,	0.0,	0.0,	NaN,	300.133,	0.0,	0.0,	0.0,	NaN,	299.605,	1.805
99.31742,	11.444,	10.735,	308.154,	49.456,	38.274,	306.609,	0.0,	0.0,	0.0,	NaN,	300.129,	0.0,	0.0,	0.0,	NaN,	299.605,	1.806
99.449066,	12.998,	12.281,	308.156,	49.453,	38.399,	306.609,	0.0,	0.0,	0.0,	NaN,	300.129,	0.0,	0.0,	0.0,	NaN,	299.605,	1.806
99.57537,	13.114,	12.364,	308.156,	49.385,	38.645,	306.609,	0.0,	0.0,	0.0,	NaN,	300.129,	0.0,	0.0,	0.0,	NaN,	299.605,	1.805
99.71464,	12.219,	11.434,	308.156,	49.332,	38.768,	306.609,	0.0,	0.0,	0.0,	NaN,	300.129,	0.0,	0.0,	0.0,	NaN,	299.601,	1.806
99.84585,	11.56,	10.768,	308.156,	49.36,	38.597,	306.609,	0.0,	0.0,	0.0,	NaN,	300.129,	0.0,	0.0,	0.0,	NaN,	299.601,	1.806
99.97731,	11.373,	10.64,	308.158,	49.432,	38.313,	306.609,	0.0,	0.0,	0.0,	NaN,	300.129,	0.0,	0.0,	0.0,	NaN,	299.601,	1.806
100.11024,	12.894,	12.185,	308.158,	49.461,	38.354,	306.613,	0.0,	0.0,	0.0,	NaN,	300.129,	0.0,	0.0,	0.0,	NaN,	299.594,	1.806
100.240685,	13.166,	12.426,	308.158,	49.41,	38.603,	306.613,	0.0,	0.0,	0.0,	NaN,	300.133,	0.0,	0.0,	0.0,	NaN,	299.598,	1.806
100.38587,	12.409,	11.632,	308.158,	49.337,	38.77,	306.613,	0.0,	0.0,	0.0,	NaN,	300.129,	0.0,	0.0,	0.0,	NaN,	299.594,	1.806
100.52933,	11.611,	10.817,	308.16,	49.34,	38.618,	306.613,	0.0,	0.0,	0.0,	NaN,	300.129,	0.0,	0.0,	0.0,	NaN,	299.591,	1.806
100.658905,	11.335,	10.588,	308.16,	49.409,	38.334,	306.615,	0.0,	0.0,	0.0,	NaN,	300.126,	0.0,	0.0,	0.0,	NaN,	299.594,	1.805
100.797035,	12.839,	12.133,	308.16,	49.456,	38.342,	306.615,	0.0,	0.0,	0.0,	NaN,	300.129,	0.0,	0.0,	0.0,	NaN,	299.591,	1.805
100.95079,	13.165,	12.423,	308.16,	49.416,	38.619,	306.615,	0.0,	0.0,	0.0,	NaN,	300.126,	0.0,	0.0,	0.0,	NaN,	299.598,	1.807
101.0748,	12.492,	11.72,	308.158,	49.345,	38.775,	306.615,	0.0,	0.0,	0.0,	NaN,	300.126,	0.0,	0.0,	0.0,	NaN,	299.598,	1.807
101.20258,	11.738,	10.94,	308.158,	49.324,	38.679,	306.613,	0.0,	0.0,	0.0,	NaN,	300.126,	0.0,	0.0,	0.0,	NaN,	299.594,	1.807
101.33208,	11.305,	10.542,	308.158,	49.377,	38.392,	306.613,	0.0,	0.0,	0.0,	NaN,	300.126,	0.0,	0.0,	0.0,	NaN,	299.594,	1.807
101.46174,	12.623,	11.923,	308.158,	49.447,	38.31,	306.613,	0.0,	0.0,	0.0,	NaN,	300.126,	0.0,	0.0,	0.0,	NaN,	299.594,	1.807
101.61719,	13.176,	12.443,	308.165,	49.438,	38.574,	306.613,	0.0,	0.0,	0.0,	NaN,	300.129,	0.0,	0.0,	0.0,	NaN,	299.598,	1.807
101.74629,	12.574,	11.807,	308.165,	49.356,	38.776,	306.611,	0.0,	0.0,	0.0,	NaN,	300.126,	0.0,	0.0,	0.0,	NaN,	299.598,	1.807
101.87823,	11.792,	10.992,	308.165,	49.313,	38.697,	306.611,	0.0,	0.0,	0.0,	NaN,	300.129,	0.0,	0.0,	0.0,	NaN,	299.598,	1.807
102.0163,	11.318,	10.55,	308.162,	49.356,	38.414,	306.611,	0.0,	0.0,	0.0,	NaN,	300.126,	0.0,	0.0,	0.0,	NaN,	299.598,	1.807
102.14821,	12.516,	11.821,	308.162,	49.432,	38.303,	306.611,	0.0,	0.0,	0.0,	NaN,	300.126,	0.0,	0.0,	0.0,	NaN,	299.594,	1.807
102.28316,	13.152,	12.423,	308.162,	49.442,	38.531,	306.609,	0.0,	0.0,	0.0,	NaN,	300.126,	0.0,	0.0,	0.0,	NaN,	299.594,	1.807
102.41884,	12.751,	11.981,	308.162,	49.381,	38.757,	306.609,	0.0,	0.0,	0.0,	NaN,	300.129,	0.0,	0.0,	0.0,	NaN,	299.594,	1.807
102.54902,	11.929,	11.128,	308.16,	49.318,	38.741,	306.609,	0.0,	0.0,	0.0,	NaN,	300.126,	0.0,	0.0,	0.0,	NaN,	299.594,	1.807
102.68231,	11.379,	10.601,	308.16,	49.338,	38.486,	306.609,	0.0,	0.0,	0.0,	NaN,	300.129,	0.0,	0.0,	0.0,	NaN,	299.594,	1.81
102.82669,	12.393,	11.705,	308.16,	49.417,	38.298,	306.613,	0.0,	0.0,	0.0,	NaN,	300.129,	0.0,	0.0,	0.0,	NaN,	299.594,	1.81
102.96148,	13.143,	12.415,	308.16,	49.445,	38.519,	306.613,	0.0,	0.0,	0.0,	NaN,	300.129,	0.0,	0.0,	0.0,	NaN,	299.591,	1.81
103.0981,	12.831,	12.058,	308.162,	49.393,	38.75,	306.613,	0.0,	0.0,	0.0,	NaN,	300.129,	0.0,	0.0,	0.0,	NaN,	299.594,	1.81
103.22756,	12.076,	11.278,	308.162,	49.32,	38.778,	306.611,	0.0,	0.0,	0.0,	NaN,	300.129,	0.0,	0.0,	0.0,	NaN,	299.594,	1.81
103.3538,	11.474,	10.688,	308.162,	49.318,	38.547,	306.611,	0.0,	0.0,	0.0,	NaN,	300.133,	0.0,	0.0,	0.0,	NaN,	299.591,	1.81
103.48645,	11.542,	10.663,	308.162,	49.374,	38.301,	306.611,	0.0,	0.0,	0.0,	NaN,	300.133,	0.0,	0.0,	0.0,	NaN,	299.591,	1.811
103.64475,	13.095,	12.373,	308.165,	49.441,	38.467,	306.611,	0.0,	0.0,	0.0,	NaN,	300.133,	0.0,	0.0,	0.0,	NaN,	299.588,	1.81
103.77134,	13.053,	12.285,	308.165,	49.416,	38.716,	306.613,	0.0,	0.0,	0.0,	NaN,	300.133,	0.0,	0.0,	0.0,	NaN,	299.588,	1.81
103.904076,	12.139,	11.344,	308.165,	49.334,	38.786,	306.613,	0.0,	0.0,	0.0,	NaN,	300.136,	0.0,	0.0,	0.0,	NaN,	299.584,	1.81
104.03649,	11.519,	10.73,	308.165,	49.309,	38.576,	306.613,	0.0,	0.0,	0.0,	NaN,	300.133,	0.0,	0.0,	0.0,	NaN,	299.588,	1.81
104.170845,	11.447,	10.721,	308.167,	49.357,	38.313,	306.613,	0.0,	0.0,	0.0,	NaN,	300.133,	0.0,	0.0,	0.0,	NaN,	299.584,	1.81
104.31319,	13.076,	12.356,	308.167,	49.433,	38.454,	306.611,	0.0,	0.0,	0.0,	NaN,	300.136,	0.0,	0.0,	0.0,	NaN,	299.588,	1.811
104.45705,	13.014,	12.241,	308.167,	49.418,	38.731,	306.611,	0.0,	0.0,	0.0,	NaN,	300.133,	0.0,	0.0,	0.0,	NaN,	299.584,	1.811
104.59081,	12.112,	11.315,	308.169,	49.341,	38.787,	306.611,	0.0,	0.0,	0.0,	NaN,	300.133,	0.0,	0.0,	0.0,	NaN,	299.584,	1.811
104.72536,	11.503,	10.715,	308.169,	49.299,	38.566,	306.611,	0.0,	0.0,	0.0,	NaN,	300.133,	0.0,	0.0,	0.0,	NaN,	299.584,	1.811
104.857414,	11.511,	10.801,	308.169,	49.344,	38.313,	306.609,	0.0,	0.0,	0.0,	NaN,	300.133,	0.0,	0.0,	0.0,	NaN,	299.584,	1.811
104.99254,	12.989,	12.277,	308.169,	49.409,	38.409,	306.609,	0.0,	0.0,	0.0,	NaN,	300.133,	0.0,	0.0,	0.0,	NaN,	299.584,	1.811
105.12339,	13.164,	12.413,	308.171,	49.429,	38.692,	306.609,	0.0,	0.0,	0.0,	NaN,	300.133,	0.0,	0.0,	0.0,	NaN,	299.584,	1.811
105.26022,	12.27,	11.483,	308.171,	49.363,	38.806,	306.609,	0.0,	0.0,	0.0,	NaN,	300.133,	0.0,	0.0,	0.0,	NaN,	299.584,	1.811
105.39407,	11.615,	10.82,	308.171,	49.301,	38.636,	306.609,	0.0,	0.0,	0.0,	NaN,	300.133,	0.0,	0.0,	0.0,	NaN,	299.584,	1.812
105.52618,	11.368,	10.614,	308.171,	49.311,	38.379,	306.609,	0.0,	0.0,	0.0,	NaN,	300.133,	0.0,	0.0,	0.0,	NaN,	299.588,	1.811
105.65295,	12.844,	12.139,	308.169,	49.383,	38.372,	306.609,	0.0,	0.0,	0.0,	NaN,	300.136,	0.0,	0.0,	0.0,	NaN,	299.584,	1.811
105.79322,	13.214,	12.474,	308.169,	49.433,	38.646,	306.613,	0.0,	0.0,	0.0,	NaN,	300.133,	0.0,	0.0,	0.0,	NaN,	299.588,	1.811
105.922844,	12.579,	11.809,	308.169,	49.402,	38.811,	306.613,	0.0,	0.0,	0.0,	NaN,	300.136,	0.0,	0.0,	0.0,	NaN,	299.588,	1.811
