2.5023499,	9.495,	8.937,	308.149,	55.58,	39.038,	306.609,	0.0,	0.0,	0.0,	NaN,	300.056,	0.0,	0.0,	0.0,	NaN,	299.483,	2.026
2.6565688,	9.61,	9.007,	308.149,	55.587,	39.259,	306.609,	0.0,	0.0,	0.0,	NaN,	300.056,	0.0,	0.0,	0.0,	NaN,	299.483,	2.047
2.7886925,	8.888,	8.322,	308.152,	55.548,	39.457,	306.609,	0.0,	0.0,	0.0,	NaN,	300.056,	0.0,	0.0,	0.0,	NaN,	299.483,	2.048
2.9207003,	8.153,	7.649,	308.152,	55.519,	39.453,	306.609,	0.0,	0.0,	0.0,	NaN,	300.056,	0.0,	0.0,	0.0,	NaN,	299.483,	2.048
3.048073,	7.946,	7.478,	308.152,	55.53,	39.225,	306.609,	0.0,	0.0,	0.0,	NaN,	300.056,	0.0,	0.0,	0.0,	NaN,	299.487,	2.048
3.1804564,	9.259,	8.745,	308.152,	55.571,	39.028,	306.609,	0.0,	0.0,	0.0,	NaN,	300.056,	0.0,	0.0,	0.0,	NaN,	299.487,	2.048
3.3145509,	9.637,	9.038,	308.149,	55.596,	39.187,	306.609,	0.0,	0.0,	0.0,	NaN,	300.056,	0.0,	0.0,	0.0,	NaN,	299.483,	2.048
3.4544537,	9.252,	8.656,	308.149,	55.575,	39.403,	306.609,	0.0,	0.0,	0.0,	NaN,	300.056,	0.0,	0.0,	0.0,	NaN,	299.487,	2.047
3.5831141,	8.257,	7.743,	308.149,	55.53,	39.471,	306.609,	0.0,	0.0,	0.0,	NaN,	300.06,	0.0,	0.0,	0.0,	NaN,	299.487,	2.048
3.7116227,	7.939,	7.467,	308.149,	55.526,	39.278,	306.609,	0.0,	0.0,	0.0,	NaN,	300.06,	0.0,	0.0,	0.0,	NaN,	299.487,	2.048
3.8393028,	8.247,	7.789,	308.152,	55.559,	39.037,	306.609,	0.0,	0.0,	0.0,	NaN,	300.056,	0.0,	0.0,	0.0,	NaN,	299.487,	2.048
3.9802015,	9.646,	9.051,	308.152,	55.598,	39.138,	306.609,	0.0,	0.0,	0.0,	NaN,	300.06,	0.0,	0.0,	0.0,	NaN,	299.487,	2.048
4.114026,	9.438,	8.837,	308.152,	55.595,	39.362,	306.613,	0.0,	0.0,	0.0,	NaN,	300.06,	0.0,	0.0,	0.0,	NaN,	299.487,	2.047
4.239847,	8.394,	7.867,	308.152,	55.552,	39.48,	306.613,	0.0,	0.0,	0.0,	NaN,	300.06,	0.0,	0.0,	0.0,	NaN,	299.49,	2.048
4.3732057,	7.958,	7.481,	308.149,	55.526,	39.328,	306.613,	0.0,	0.0,	0.0,	NaN,	300.056,	0.0,	0.0,	0.0,	NaN,	299.49,	2.014
4.5042,	8.324,	7.694,	308.149,	55.547,	39.065,	306.611,	0.0,	0.0,	0.0,	NaN,	300.06,	0.0,	0.0,	0.0,	NaN,	299.49,	2.014
4.6406174,	9.618,	9.037,	308.149,	55.584,	39.066,	306.611,	0.0,	0.0,	0.0,	NaN,	300.06,	0.0,	0.0,	0.0,	NaN,	299.49,	2.014
4.767356,	9.566,	8.965,	308.149,	55.604,	39.285,	306.611,	0.0,	0.0,	0.0,	NaN,	300.06,	0.0,	0.0,	0.0,	NaN,	299.49,	2.014
4.895913,	8.7,	8.149,	308.147,	55.577,	39.464,	306.611,	0.0,	0.0,	0.0,	NaN,	300.06,	0.0,	0.0,	0.0,	NaN,	299.494,	2.014
5.022996,	8.074,	7.58,	308.147,	55.539,	39.419,	306.611,	0.0,	0.0,	0.0,	NaN,	300.06,	0.0,	0.0,	0.0,	NaN,	299.494,	2.014
5.1485014,	7.958,	7.495,	308.147,	55.534,	39.171,	306.609,	0.0,	0.0,	0.0,	NaN,	300.06,	0.0,	0.0,	0.0,	NaN,	299.494,	2.014
5.2796555,	9.428,	8.88,	308.147,	55.571,	39.021,	306.609,	0.0,	0.0,	0.0,	NaN,	300.06,	0.0,	0.0,	0.0,	NaN,	299.494,	2.015
5.4127164,	9.603,	9.004,	308.145,	55.606,	39.207,	306.609,	0.0,	0.0,	0.0,	NaN,	300.06,	0.0,	0.0,	0.0,	NaN,	299.494,	2.014
5.542182,	9.049,	8.47,	308.145,	55.599,	39.423,	306.609,	0.0,	0.0,	0.0,	NaN,	300.063,	0.0,	0.0,	0.0,	NaN,	299.497,	2.015
5.6716795,	8.224,	7.714,	308.145,	55.559,	39.459,	306.609,	0.0,	0.0,	0.0,	NaN,	300.063,	0.0,	0.0,	0.0,	NaN,	299.497,	2.014
5.797909,	7.922,	7.453,	308.145,	55.537,	39.262,	306.609,	0.0,	0.0,	0.0,	NaN,	300.063,	0.0,	0.0,	0.0,	NaN,	299.494,	2.015
5.9375105,	9.159,	8.664,	308.143,	55.563,	39.016,	306.609,	0.0,	0.0,	0.0,	NaN,	300.063,	0.0,	0.0,	0.0,	NaN,	299.501,	2.014
6.073098,	9.628,	9.034,	308.143,	55.598,	39.134,	306.609,	0.0,	0.0,	0.0,	NaN,	300.06,	0.0,	0.0,	0.0,	NaN,	299.497,	2.014
6.1988144,	9.403,	8.804,	308.143,	55.611,	39.359,	306.609,	0.0,	0.0,	0.0,	NaN,	300.063,	0.0,	0.0,	0.0,	NaN,	299.497,	2.025
6.328315,	8.358,	7.835,	308.143,	55.582,	39.469,	306.609,	0.0,	0.0,	0.0,	NaN,	300.06,	0.0,	0.0,	0.0,	NaN,	299.497,	2.026
6.454804,	7.939,	7.464,	308.141,	55.544,	39.312,	306.609,	0.0,	0.0,	0.0,	NaN,	300.063,	0.0,	0.0,	0.0,	NaN,	299.501,	2.026
6.587349,	8.168,	7.708,	308.141,	55.544,	39.049,	306.609,	0.0,	0.0,	0.0,	NaN,	300.067,	0.0,	0.0,	0.0,	NaN,	299.501,	2.026
6.7229404,	9.61,	9.029,	308.141,	55.583,	39.063,	306.609,	0.0,	0.0,	0.0,	NaN,	300.067,	0.0,	0.0,	0.0,	NaN,	299.501,	2.025
6.8487797,	9.543,	8.943,	308.141,	55.614,	39.282,	306.609,	0.0,	0.0,	0.0,	NaN,	300.063,	0.0,	0.0,	0.0,	NaN,	299.504,	2.025
6.978999,	8.657,	8.11,	308.139,	55.603,	39.458,	306.609,	0.0,	0.0,	0.0,	NaN,	300.067,	0.0,	0.0,	0.0,	NaN,	299.504,	2.025
7.1114597,	8.009,	7.523,	308.139,	55.558,	39.383,	306.613,	0.0,	0.0,	0.0,	NaN,	300.067,	0.0,	0.0,	0.0,	NaN,	299.504,	2.025
7.237586,	7.953,	7.491,	308.139,	55.543,	39.158,	306.613,	0.0,	0.0,	0.0,	NaN,	300.067,	0.0,	0.0,	0.0,	NaN,	299.508,	2.026
7.369047,	9.532,	8.966,	308.139,	55.568,	39.028,	306.613,	0.0,	0.0,	0.0,	NaN,	300.067,	0.0,	0.0,	0.0,	NaN,	299.504,	2.026
7.5082827,	9.573,	8.975,	308.141,	55.612,	39.233,	306.613,	0.0,	0.0,	0.0,	NaN,	300.067,	0.0,	0.0,	0.0,	NaN,	299.508,	2.026
7.6375384,	8.879,	8.317,	308.141,	55.613,	39.433,	306.615,	0.0,	0.0,	0.0,	NaN,	300.067,	0.0,	0.0,	0.0,	NaN,	299.508,	2.026
7.7699275,	8.13,	7.63,	308.141,	55.587,	39.437,	306.615,	0.0,	0.0,	0.0,	NaN,	300.067,	0.0,	0.0,	0.0,	NaN,	299.508,	2.026
7.89773,	7.912,	7.447,	308.141,	55.549,	39.212,	306.615,	0.0,	0.0,	0.0,	NaN,	300.067,	0.0,	0.0,	0.0,	NaN,	299.508,	1.999
8.031202,	9.189,	8.688,	308.139,	55.556,	39.005,	306.615,	0.0,	0.0,	0.0,	NaN,	300.067,	0.0,	0.0,	0.0,	NaN,	299.508,	1.999
8.173846,	9.591,	8.994,	308.139,	55.604,	39.183,	306.613,	0.0,	0.0,	0.0,	NaN,	300.067,	0.0,	0.0,	0.0,	NaN,	299.508,	1.999
8.304595,	9.091,	8.51,	308.139,	55.624,	39.402,	306.613,	0.0,	0.0,	0.0,	NaN,	300.067,	0.0,	0.0,	0.0,	NaN,	299.511,	1.999
8.438696,	8.24,	7.728,	308.139,	55.606,	39.454,	306.613,	0.0,	0.0,	0.0,	NaN,	300.07,	0.0,	0.0,	0.0,	NaN,	299.508,	1.999
8.568396,	7.91,	7.441,	308.136,	55.563,	39.263,	306.613,	0.0,	0.0,	0.0,	NaN,	300.067,	0.0,	0.0,	0.0,	NaN,	299.508,	1.999
8.721787,	9.039,	8.561,	308.136,	55.556,	39.004,	306.615,	0.0,	0.0,	0.0,	NaN,	300.07,	0.0,	0.0,	0.0,	NaN,	299.508,	1.999
8.850647,	9.602,	9.009,	308.136,	55.595,	39.137,	306.615,	0.0,	0.0,	0.0,	NaN,	300.07,	0.0,	0.0,	0.0,	NaN,	299.508,	1.999
8.976948,	9.322,	8.727,	308.136,	55.625,	39.36,	306.615,	0.0,	0.0,	0.0,	NaN,	300.067,	0.0,	0.0,	0.0,	NaN,	299.508,	1.999
9.106919,	8.286,	7.77,	308.139,	55.618,	39.456,	306.615,	0.0,	0.0,	0.0,	NaN,	300.067,	0.0,	0.0,	0.0,	NaN,	299.508,	1.999
9.240677,	7.912,	7.442,	308.139,	55.575,	39.286,	306.613,	0.0,	0.0,	0.0,	NaN,	300.07,	0.0,	0.0,	0.0,	NaN,	299.504,	1.999
9.376421,	8.242,	7.79,	308.139,	55.556,	39.032,	306.613,	0.0,	0.0,	0.0,	NaN,	300.07,	0.0,	0.0,	0.0,	NaN,	299.508,	1.998
9.50422,	9.608,	9.021,	308.141,	55.583,	39.089,	306.613,	0.0,	0.0,	0.0,	NaN,	300.07,	0.0,	0.0,	0.0,	NaN,	299.508,	2.001
9.638335,	9.449,	8.852,	308.141,	55.626,	39.318,	306.613,	0.0,	0.0,	0.0,	NaN,	300.07,	0.0,	0.0,	0.0,	NaN,	299.508,	2.001
9.76882,	8.442,	7.913,	308.141,	55.63,	39.456,	306.615,	0.0,	0.0,	0.0,	NaN,	300.07,	0.0,	0.0,	0.0,	NaN,	299.508,	2.001
9.904152,	7.971,	7.49,	308.141,	55.601,	39.361,	306.615,	0.0,	0.0,	0.0,	NaN,	300.07,	0.0,	0.0,	0.0,	NaN,	299.508,	2.001
10.037867,	8.142,	7.684,	308.139,	55.563,	39.071,	306.615,	0.0,	0.0,	0.0,	NaN,	300.07,	0.0,	0.0,	0.0,	NaN,	299.508,	2.001
10.176902,	9.585,	9.007,	308.139,	55.573,	39.05,	306.615,	0.0,	0.0,	0.0,	NaN,	300.074,	0.0,	0.0,	0.0,	NaN,	299.508,	2.001
10.304723,	9.518,	8.92,	308.139,	55.618,	39.27,	306.613,	0.0,	0.0,	0.0,	NaN,	300.074,	0.0,	0.0,	0.0,	NaN,	299.508,	2.001
10.443995,	8.638,	8.094,	308.139,	55.639,	39.449,	306.613,	0.0,	0.0,	0.0,	NaN,	300.074,	0.0,	0.0,	0.0,	NaN,	299.508,	2.001
10.573268,	8.029,	7.541,	308.136,	55.62,	39.399,	306.613,	0.0,	0.0,	0.0,	NaN,	300.07,	0.0,	0.0,	0.0,	NaN,	299.508,	2.001
10.706701,	7.984,	7.527,	308.136,	55.574,	39.117,	306.615,	0.0,	0.0,	0.0,	NaN,	300.074,	0.0,	0.0,	0.0,	NaN,	299.508,	2.001
10.838811,	9.413,	8.865,	308.136,	55.568,	39.001,	306.615,	0.0,	0.0,	0.0,	NaN,	300.077,	0.0,	0.0,	0.0,	NaN,	299.511,	2.001
10.965151,	9.56,	8.965,	308.136,	55.598,	39.189,	306.615,	0.0,	0.0,	0.0,	NaN,	300.074,	0.0,	0.0,	0.0,	NaN,	299.511,	2.001
11.099507,	8.988,	8.416,	308.134,	55.638,	39.412,	306.615,	0.0,	0.0,	0.0,	NaN,	300.074,	0.0,	0.0,	0.0,	NaN,	299.511,	2.001
11.23011,	8.108,	7.61,	308.134,	55.637,	39.429,	306.613,	0.0,	0.0,	0.0,	NaN,	300.074,	0.0,	0.0,	0.0,	NaN,	299.511,	1.979
11.366701,	7.89,	7.428,	308.134,	55.593,	39.204,	306.613,	0.0,	0.0,	0.0,	NaN,	300.077,	0.0,	0.0,	0.0,	NaN,	299.511,	1.98
11.493539,	9.156,	8.658,	308.134,	55.567,	38.994,	306.613,	0.0,	0.0,	0.0,	NaN,	300.074,	0.0,	0.0,	0.0,	NaN,	299.511,	1.979
11.629275,	9.574,	8.981,	308.134,	55.592,	39.145,	306.613,	0.0,	0.0,	0.0,	NaN,	300.074,	0.0,	0.0,	0.0,	NaN,	299.511,	1.979
11.759801,	9.224,	8.633,	308.134,	55.634,	39.372,	306.611,	0.0,	0.0,	0.0,	NaN,	300.077,	0.0,	0.0,	0.0,	NaN,	299.511,	1.98
11.88701,	8.218,	7.709,	308.134,	55.649,	39.454,	306.611,	0.0,	0.0,	0.0,	NaN,	300.077,	0.0,	0.0,	0.0,	NaN,	299.511,	1.979
12.019898,	7.888,	7.421,	308.134,	55.616,	39.26,	306.611,	0.0,	0.0,	0.0,	NaN,	300.074,	0.0,	0.0,	0.0,	NaN,	299.508,	1.979
12.158859,	8.153,	7.698,	308.134,	55.578,	39.014,	306.611,	0.0,	0.0,	0.0,	NaN,	300.074,	0.0,	0.0,	0.0,	NaN,	299.508,	1.979
12.293963,	9.582,	8.994,	308.134,	55.584,	39.102,	306.609,	0.0,	0.0,	0.0,	NaN,	300.074,	0.0,	0.0,	0.0,	NaN,	299.508,	1.979
12.427227,	9.389,	8.795,	308.134,	55.623,	39.329,	306.609,	0.0,	0.0,	0.0,	NaN,	300.077,	0.0,	0.0,	0.0,	NaN,	299.508,	1.979
12.554842,	8.359,	7.838,	308.134,	55.651,	39.453,	306.609,	0.0,	0.0,	0.0,	NaN,	300.077,	0.0,	0.0,	0.0,	NaN,	299.508,	1.979
12.690126,	7.908,	7.437,	308.134,	55.635,	39.309,	306.609,	0.0,	0.0,	0.0,	NaN,	300.074,	0.0,	0.0,	0.0,	NaN,	299.511,	1.979
12.821349,	8.214,	7.765,	308.134,	55.592,	39.05,	306.609,	0.0,	0.0,	0.0,	NaN,	300.074,	0.0,	0.0,	0.0,	NaN,	299.508,	1.979
12.961089,	9.572,	8.991,	308.134,	55.583,	39.066,	306.609,	0.0,	0.0,	0.0,	NaN,	300.074,	0.0,	0.0,	0.0,	NaN,	299.508,	1.97
13.090336,	9.472,	8.876,	308.134,	55.614,	39.282,	306.609,	0.0,	0.0,	0.0,	NaN,	300.077,	0.0,	0.0,	0.0,	NaN,	299.508,	1.97
13.21793,	8.673,	8.126,	308.134,	55.649,	39.441,	306.609,	0.0,	0.0,	0.0,	NaN,	300.081,	0.0,	0.0,	0.0,	NaN,	299.508,	1.97
13.345844,	7.984,	7.501,	308.134,	55.654,	39.384,	306.609,	0.0,	0.0,	0.0,	NaN,	300.077,	0.0,	0.0,	0.0,	NaN,	299.508,	1.97
13.475,	7.939,	7.483,	308.134,	55.615,	39.124,	306.609,	0.0,	0.0,	0.0,	NaN,	300.077,	0.0,	0.0,	0.0,	NaN,	299.508,	1.97
13.617058,	9.447,	8.891,	308.134,	55.584,	39.006,	306.609,	0.0,	0.0,	0.0,	NaN,	300.081,	0.0,	0.0,	0.0,	NaN,	299.508,	1.97
13.744013,	9.527,	8.933,	308.134,	55.598,	39.208,	306.609,	0.0,	0.0,	0.0,	NaN,	300.081,	0.0,	0.0,	0.0,	NaN,	299.508,	1.97
13.879513,	8.888,	8.326,	308.134,	55.641,	39.417,	306.609,	0.0,	0.0,	0.0,	NaN,	300.081,	0.0,	0.0,	0.0,	NaN,	299.508,	1.97
14.006032,	8.055,	7.563,	308.134,	55.66,	39.416,	306.609,	0.0,	0.0,	0.0,	NaN,	300.081,	0.0,	0.0,	0.0,	NaN,	299.504,	1.969
14.143834,	7.88,	7.421,	308.134,	55.638,	39.181,	306.609,	0.0,	0.0,	0.0,	NaN,	300.084,	0.0,	0.0,	0.0,	NaN,	299.504,	1.969
14.276101,	9.246,	8.728,	308.134,	55.594,	38.989,	306.609,	0.0,	0.0,	0.0,	NaN,	300.084,	0.0,	0.0,	0.0,	NaN,	299.508,	1.969
14.409777,	9.543,	8.951,	308.134,	55.596,	39.161,	306.613,	0.0,	0.0,	0.0,	NaN,	300.081,	0.0,	0.0,	0.0,	NaN,	299.508,	1.97
14.539196,	9.256,	8.665,	308.134,	55.628,	39.359,	306.613,	0.0,	0.0,	0.0,	NaN,	300.081,	0.0,	0.0,	0.0,	NaN,	299.508,	1.97
14.667584,	8.231,	7.721,	308.134,	55.662,	39.447,	306.613,	0.0,	0.0,	0.0,	NaN,	300.084,	0.0,	0.0,	0.0,	NaN,	299.504,	1.955
14.800572,	7.874,	7.409,	308.134,	55.658,	39.271,	306.613,	0.0,	0.0,	0.0,	NaN,	300.084,	0.0,	0.0,	0.0,	NaN,	299.504,	1.955
14.930809,	8.239,	7.627,	308.134,	55.616,	39.016,	306.611,	0.0,	0.0,	0.0,	NaN,	300.084,	0.0,	0.0,	0.0,	NaN,	299.504,	1.955
15.062934,	9.558,	8.974,	308.134,	55.591,	39.091,	306.611,	0.0,	0.0,	0.0,	NaN,	300.084,	0.0,	0.0,	0.0,	NaN,	299.508,	1.955
15.192517,	9.392,	8.799,	308.139,	55.617,	39.315,	306.611,	0.0,	0.0,	0.0,	NaN,	300.084,	0.0,	0.0,	0.0,	NaN,	299.504,	1.955
15.322486,	8.498,	7.965,	308.139,	55.652,	39.451,	306.611,	0.0,	0.0,	0.0,	NaN,	300.081,	0.0,	0.0,	0.0,	NaN,	299.504,	1.955
15.450959,	7.927,	7.452,	308.139,	55.668,	39.348,	306.609,	0.0,	0.0,	0.0,	NaN,	300.081,	0.0,	0.0,	0.0,	NaN,	299.508,	1.955
15.579343,	8.018,	7.564,	308.139,	55.639,	39.084,	306.609,	0.0,	0.0,	0.0,	NaN,	300.084,	0.0,	0.0,	0.0,	NaN,	299.504,	1.955
15.712704,	9.512,	8.943,	308.136,	55.602,	39.024,	306.609,	0.0,	0.0,	0.0,	NaN,	300.084,	0.0,	0.0,	0.0,	NaN,	299.504,	1.955
15.844486,	9.49,	8.897,	308.136,	55.605,	39.242,	306.609,	0.0,	0.0,	0.0,	NaN,	300.081,	0.0,	0.0,	0.0,	NaN,	299.504,	1.955
15.972895,	8.847,	8.288,	308.136,	55.64,	39.421,	306.609,	0.0,	0.0,	0.0,	NaN,	300.084,	0.0,	0.0,	0.0,	NaN,	299.504,	1.955
16.115923,	7.983,	7.5,	308.136,	55.672,	39.391,	306.609,	0.0,	0.0,	0.0,	NaN,	300.084,	0.0,	0.0,	0.0,	NaN,	299.504,	1.955
16.243586,	7.903,	7.447,	308.134,	55.661,	39.139,	306.609,	0.0,	0.0,	0.0,	NaN,	300.084,	0.0,	0.0,	0.0,	NaN,	299.504,	1.955
16.378708,	9.388,	8.84,	308.134,	55.614,	39.0,	306.609,	0.0,	0.0,	0.0,	NaN,	300.084,	0.0,	0.0,	0.0,	NaN,	299.504,	1.937
16.514772,	9.51,	8.919,	308.134,	55.598,	39.192,	306.609,	0.0,	0.0,	0.0,	NaN,	300.084,	0.0,	0.0,	0.0,	NaN,	299.504,	1.937
16.6706,	8.79,	8.236,	308.134,	55.638,	39.427,	306.609,	0.0,	0.0,	0.0,	NaN,	300.081,	0.0,	0.0,	0.0,	NaN,	299.504,	1.937
16.798143,	8.006,	7.52,	308.143,	55.673,	39.404,	306.609,	0.0,	0.0,	0.0,	NaN,	300.084,	0.0,	0.0,	0.0,	NaN,	299.508,	1.937
16.937023,	7.918,	7.464,	308.143,	55.668,	39.125,	306.613,	0.0,	0.0,	0.0,	NaN,	300.084,	0.0,	0.0,	0.0,	NaN,	299.508,	1.937
17.080229,	9.419,	8.865,	308.143,	55.623,	39.007,	306.613,	0.0,	0.0,	0.0,	NaN,	300.084,	0.0,	0.0,	0.0,	NaN,	299.508,	1.937
17.207401,	9.499,	8.908,	308.143,	55.606,	39.206,	306.613,	0.0,	0.0,	0.0,	NaN,	300.084,	0.0,	0.0,	0.0,	NaN,	299.511,	1.937
17.34477,	8.864,	8.304,	308.145,	55.632,	39.415,	306.613,	0.0,	0.0,	0.0,	NaN,	300.084,	0.0,	0.0,	0.0,	NaN,	299.508,	1.937
17.481892,	8.033,	7.543,	308.145,	55.674,	39.416,	306.611,	0.0,	0.0,	0.0,	NaN,	300.084,	0.0,	0.0,	0.0,	NaN,	299.511,	1.937
17.615986,	7.859,	7.401,	308.145,	55.682,	39.185,	306.611,	0.0,	0.0,	0.0,	NaN,	300.081,	0.0,	0.0,	0.0,	NaN,	299.508,	1.937
17.751835,	9.216,	8.701,	308.145,	55.645,	38.997,	306.611,	0.0,	0.0,	0.0,	NaN,	300.084,	0.0,	0.0,	0.0,	NaN,	299.511,	1.937
17.879045,	9.517,	8.927,	308.147,	55.615,	39.161,	306.611,	0.0,	0.0,	0.0,	NaN,	300.084,	0.0,	0.0,	0.0,	NaN,	299.511,	1.937
18.010359,	9.089,	8.508,	308.147,	55.624,	39.383,	306.609,	0.0,	0.0,	0.0,	NaN,	300.081,	0.0,	0.0,	0.0,	NaN,	299.511,	1.937
18.136862,	8.13,	7.63,	308.147,	55.665,	39.438,	306.609,	0.0,	0.0,	0.0,	NaN,	300.081,	0.0,	0.0,	0.0,	NaN,	299.511,	1.936
18.272732,	7.846,	7.386,	308.147,	55.687,	39.238,	306.609,	0.0,	0.0,	0.0,	NaN,	300.084,	0.0,	0.0,	0.0,	NaN,	299.511,	1.936
18.41385,	8.215,	8.397,	308.149,	55.661,	39.0,	306.609,	0.0,	0.0,	0.0,	NaN,	300.081,	0.0,	0.0,	0.0,	NaN,	299.511,	1.935
18.545244,	9.531,	8.945,	308.149,	55.621,	39.111,	306.613,	0.0,	0.0,	0.0,	NaN,	300.081,	0.0,	0.0,	0.0,	NaN,	299.511,	1.935
18.67438,	9.295,	8.706,	308.149,	55.619,	39.341,	306.613,	0.0,	0.0,	0.0,	NaN,	300.084,	0.0,	0.0,	0.0,	NaN,	299.515,	1.936
18.801199,	8.363,	7.842,	308.149,	55.652,	39.455,	306.613,	0.0,	0.0,	0.0,	NaN,	300.077,	0.0,	0.0,	0.0,	NaN,	299.511,	1.936
18.928226,	7.881,	7.412,	308.147,	55.685,	39.319,	306.613,	0.0,	0.0,	0.0,	NaN,	300.081,	0.0,	0.0,	0.0,	NaN,	299.515,	1.936
19.061506,	8.105,	7.653,	308.147,	55.686,	39.056,	306.611,	0.0,	0.0,	0.0,	NaN,	300.081,	0.0,	0.0,	0.0,	NaN,	299.515,	1.936
19.191628,	9.519,	8.944,	308.147,	55.644,	39.048,	306.611,	0.0,	0.0,	0.0,	NaN,	300.081,	0.0,	0.0,	0.0,	NaN,	299.515,	1.936
19.319715,	9.441,	8.85,	308.145,	55.619,	39.267,	306.611,	0.0,	0.0,	0.0,	NaN,	300.077,	0.0,	0.0,	0.0,	NaN,	299.515,	1.935
19.460531,	8.554,	8.017,	308.145,	55.641,	39.445,	306.611,	0.0,	0.0,	0.0,	NaN,	300.077,	0.0,	0.0,	0.0,	NaN,	299.515,	1.936
19.594603,	7.926,	7.45,	308.145,	55.683,	39.367,	306.613,	0.0,	0.0,	0.0,	NaN,	300.081,	0.0,	0.0,	0.0,	NaN,	299.515,	1.936
19.724138,	7.942,	7.489,	308.145,	55.695,	39.106,	306.613,	0.0,	0.0,	0.0,	NaN,	300.081,	0.0,	0.0,	0.0,	NaN,	299.515,	1.936
19.853401,	9.365,	8.819,	308.147,	55.67,	39.001,	306.613,	0.0,	0.0,	0.0,	NaN,	300.081,	0.0,	0.0,	0.0,	NaN,	299.515,	1.912
20.011251,	9.453,	8.863,	308.147,	55.624,	39.251,	306.611,	0.0,	0.0,	0.0,	NaN,	300.081,	0.0,	0.0,	0.0,	NaN,	299.518,	1.912
20.152473,	8.499,	7.967,	308.147,	55.638,	39.444,	306.611,	0.0,	0.0,	0.0,	NaN,	300.081,	0.0,	0.0,	0.0,	NaN,	299.518,	1.912
20.289494,	7.909,	7.435,	308.147,	55.684,	39.357,	306.611,	0.0,	0.0,	0.0,	NaN,	300.081,	0.0,	0.0,	0.0,	NaN,	299.518,	1.912
20.423294,	7.968,	7.515,	308.149,	55.698,	39.093,	306.611,	0.0,	0.0,	0.0,	NaN,	300.084,	0.0,	0.0,	0.0,	NaN,	299.518,	1.912
20.553568,	9.394,	8.843,	308.149,	55.681,	39.006,	306.609,	0.0,	0.0,	0.0,	NaN,	300.081,	0.0,	0.0,	0.0,	NaN,	299.518,	1.912
20.69265,	9.46,	8.871,	308.149,	55.633,	39.233,	306.609,	0.0,	0.0,	0.0,	NaN,	300.081,	0.0,	0.0,	0.0,	NaN,	299.522,	1.912
20.834095,	8.575,	8.037,	308.149,	55.638,	39.442,	306.609,	0.0,	0.0,	0.0,	NaN,	300.084,	0.0,	0.0,	0.0,	NaN,	299.522,	1.912
20.970718,	7.967,	7.485,	308.152,	55.672,	39.394,	306.609,	0.0,	0.0,	0.0,	NaN,	300.084,	0.0,	0.0,	0.0,	NaN,	299.522,	1.912
21.100586,	7.918,	7.467,	308.152,	55.703,	39.111,	306.613,	0.0,	0.0,	0.0,	NaN,	300.084,	0.0,	0.0,	0.0,	NaN,	299.518,	1.912
21.245216,	9.423,	8.867,	308.152,	55.689,	39.014,	306.613,	0.0,	0.0,	0.0,	NaN,	300.088,	0.0,	0.0,	0.0,	NaN,	299.522,	1.912
21.37141,	9.466,	8.877,	308.152,	55.645,	39.215,	306.613,	0.0,	0.0,	0.0,	NaN,	300.088,	0.0,	0.0,	0.0,	NaN,	299.522,	1.913
21.507303,	8.795,	8.241,	308.154,	55.637,	39.419,	306.613,	0.0,	0.0,	0.0,	NaN,	300.088,	0.0,	0.0,	0.0,	NaN,	299.522,	1.918
21.639265,	8.047,	7.556,	308.154,	55.666,	39.426,	306.611,	0.0,	0.0,	0.0,	NaN,	300.084,	0.0,	0.0,	0.0,	NaN,	299.522,	1.918
21.76746,	7.83,	7.373,	308.154,	55.705,	39.202,	306.611,	0.0,	0.0,	0.0,	NaN,	300.088,	0.0,	0.0,	0.0,	NaN,	299.522,	1.918
21.896803,	9.067,	8.578,	308.154,	55.707,	38.997,	306.611,	0.0,	0.0,	0.0,	NaN,	300.088,	0.0,	0.0,	0.0,	NaN,	299.522,	1.918
22.030367,	9.496,	8.91,	308.156,	55.672,	39.141,	306.611,	0.0,	0.0,	0.0,	NaN,	300.084,	0.0,	0.0,	0.0,	NaN,	299.522,	1.918
22.161736,	9.159,	8.575,	308.156,	55.64,	39.366,	306.609,	0.0,	0.0,	0.0,	NaN,	300.088,	0.0,	0.0,	0.0,	NaN,	299.525,	1.918
22.289776,	8.156,	7.654,	308.156,	55.659,	39.447,	306.609,	0.0,	0.0,	0.0,	NaN,	300.084,	0.0,	0.0,	0.0,	NaN,	299.522,	1.918
22.421011,	7.83,	7.37,	308.154,	55.697,	39.258,	306.609,	0.0,	0.0,	0.0,	NaN,	300.088,	0.0,	0.0,	0.0,	NaN,	299.522,	1.918
22.5518,	8.085,	7.635,	308.154,	55.716,	39.011,	306.609,	0.0,	0.0,	0.0,	NaN,	300.088,	0.0,	0.0,	0.0,	NaN,	299.522,	1.918
22.693975,	9.509,	8.927,	308.154,	55.692,	39.096,	306.613,	0.0,	0.0,	0.0,	NaN,	300.084,	0.0,	0.0,	0.0,	NaN,	299.518,	1.919
22.826324,	9.319,	8.732,	308.154,	55.647,	39.32,	306.613,	0.0,	0.0,	0.0,	NaN,	300.088,	0.0,	0.0,	0.0,	NaN,	299.518,	1.918
22.951588,	8.301,	7.786,	308.152,	55.65,	39.453,	306.613,	0.0,	0.0,	0.0,	NaN,	300.088,	0.0,	0.0,	0.0,	NaN,	299.522,	1.918
23.088327,	7.852,	7.387,	308.152,	55.689,	39.31,	306.613,	0.0,	0.0,	0.0,	NaN,	300.088,	0.0,	0.0,	0.0,	NaN,	299.518,	1.918
23.226791,	8.144,	7.698,	308.152,	55.72,	39.046,	306.611,	0.0,	0.0,	0.0,	NaN,	300.088,	0.0,	0.0,	0.0,	NaN,	299.518,	1.894
23.355621,	9.503,	8.928,	308.152,	55.708,	39.054,	306.611,	0.0,	0.0,	0.0,	NaN,	300.088,	0.0,	0.0,	0.0,	NaN,	299.518,	1.894
23.485971,	9.434,	8.844,	308.154,	55.67,	39.249,	306.611,	0.0,	0.0,	0.0,	NaN,	300.088,	0.0,	0.0,	0.0,	NaN,	299.518,	1.894
23.613132,	8.618,	8.076,	308.154,	55.649,	39.44,	306.611,	0.0,	0.0,	0.0,	NaN,	300.088,	0.0,	0.0,	0.0,	NaN,	299.518,	1.894
23.745514,	7.929,	7.452,	308.154,	55.674,	39.384,	306.609,	0.0,	0.0,	0.0,	NaN,	300.088,	0.0,	0.0,	0.0,	NaN,	299.518,	1.894
23.883074,	7.882,	7.43,	308.154,	55.714,	39.129,	306.609,	0.0,	0.0,	0.0,	NaN,	300.088,	0.0,	0.0,	0.0,	NaN,	299.522,	1.893
24.019558,	9.448,	8.887,	308.156,	55.721,	39.017,	306.609,	0.0,	0.0,	0.0,	NaN,	300.088,	0.0,	0.0,	0.0,	NaN,	299.522,	1.894
24.15271,	9.442,	8.854,	308.156,	55.687,	39.231,	306.613,	0.0,	0.0,	0.0,	NaN,	300.088,	0.0,	0.0,	0.0,	NaN,	299.518,	1.894
24.28536,	8.832,	8.275,	308.156,	55.653,	39.413,	306.613,	0.0,	0.0,	0.0,	NaN,	300.088,	0.0,	0.0,	0.0,	NaN,	299.518,	1.894
24.413963,	8.009,	7.52,	308.156,	55.665,	39.416,	306.613,	0.0,	0.0,	0.0,	NaN,	300.088,	0.0,	0.0,	0.0,	NaN,	299.522,	1.894
24.549685,	7.854,	7.394,	308.154,	55.707,	39.181,	306.613,	0.0,	0.0,	0.0,	NaN,	300.088,	0.0,	0.0,	0.0,	NaN,	299.522,	1.893
24.676853,	9.195,	8.677,	308.154,	55.729,	38.991,	306.615,	0.0,	0.0,	0.0,	NaN,	300.088,	0.0,	0.0,	0.0,	NaN,	299.522,	1.893
24.81581,	9.515,	8.921,	308.154,	55.711,	39.158,	306.615,	0.0,	0.0,	0.0,	NaN,	300.088,	0.0,	0.0,	0.0,	NaN,	299.522,	1.894
24.961304,	8.959,	8.384,	308.154,	55.663,	39.402,	306.615,	0.0,	0.0,	0.0,	NaN,	300.088,	0.0,	0.0,	0.0,	NaN,	299.525,	1.899
25.120522,	8.003,	7.511,	308.152,	55.672,	39.389,	306.615,	0.0,	0.0,	0.0,	NaN,	300.091,	0.0,	0.0,	0.0,	NaN,	299.525,	1.899
25.269302,	8.004,	7.538,	308.152,	55.722,	39.106,	306.613,	0.0,	0.0,	0.0,	NaN,	300.091,	0.0,	0.0,	0.0,	NaN,	299.525,	1.899
25.405422,	9.414,	8.855,	308.152,	55.738,	39.007,	306.613,	0.0,	0.0,	0.0,	NaN,	300.091,	0.0,	0.0,	0.0,	NaN,	299.522,	1.899
25.546612,	9.532,	8.929,	308.149,	55.708,	39.226,	306.613,	0.0,	0.0,	0.0,	NaN,	300.091,	0.0,	0.0,	0.0,	NaN,	299.522,	1.899
25.674654,	8.829,	8.262,	308.149,	55.665,	39.425,	306.613,	0.0,	0.0,	0.0,	NaN,	300.091,	0.0,	0.0,	0.0,	NaN,	299.522,	1.899
25.81275,	8.077,	7.573,	308.149,	55.671,	39.405,	306.611,	0.0,	0.0,	0.0,	NaN,	300.091,	0.0,	0.0,	0.0,	NaN,	299.522,	1.899
25.938297,	7.96,	7.484,	308.149,	55.71,	39.154,	306.611,	0.0,	0.0,	0.0,	NaN,	300.091,	0.0,	0.0,	0.0,	NaN,	299.522,	1.899
26.074913,	9.377,	8.824,	308.152,	55.74,	38.997,	306.611,	0.0,	0.0,	0.0,	NaN,	300.091,	0.0,	0.0,	0.0,	NaN,	299.518,	1.899
26.207575,	9.601,	8.992,	308.152,	55.728,	39.181,	306.609,	0.0,	0.0,	0.0,	NaN,	300.088,	0.0,	0.0,	0.0,	NaN,	299.518,	1.899
26.336716,	9.087,	8.495,	308.152,	55.685,	39.398,	306.609,	0.0,	0.0,	0.0,	NaN,	300.088,	0.0,	0.0,	0.0,	NaN,	299.518,	1.899
26.48976,	8.153,	7.638,	308.152,	55.672,	39.413,	306.609,	0.0,	0.0,	0.0,	NaN,	300.091,	0.0,	0.0,	0.0,	NaN,	299.518,	1.899
26.622543,	7.976,	7.49,	308.149,	55.701,	39.212,	306.609,	0.0,	0.0,	0.0,	NaN,	300.088,	0.0,	0.0,	0.0,	NaN,	299.518,	1.899
26.74998,	9.322,	8.78,	308.149,	55.739,	38.989,	306.609,	0.0,	0.0,	0.0,	NaN,	300.088,	0.0,	0.0,	0.0,	NaN,	299.515,	1.899
26.886501,	9.655,	9.041,	308.149,	55.741,	39.159,	306.609,	0.0,	0.0,	0.0,	NaN,	300.091,	0.0,	0.0,	0.0,	NaN,	299.515,	1.899
27.02691,	9.229,	8.623,	308.149,	55.7,	39.383,	306.609,	0.0,	0.0,	0.0,	NaN,	300.088,	0.0,	0.0,	0.0,	NaN,	299.518,	1.899
27.15462,	8.297,	7.764,	308.147,	55.674,	39.433,	306.609,	0.0,	0.0,	0.0,	NaN,	300.088,	0.0,	0.0,	0.0,	NaN,	299.518,	1.899
27.285034,	8.018,	7.522,	308.147,	55.698,	39.23,	306.613,	0.0,	0.0,	0.0,	NaN,	300.088,	0.0,	0.0,	0.0,	NaN,	299.518,	1.899
27.432938,	8.39,	8.51,	308.147,	55.738,	38.996,	306.613,	0.0,	0.0,	0.0,	NaN,	300.088,	0.0,	0.0,	0.0,	NaN,	299.518,	1.899
27.56142,	9.711,	9.096,	308.147,	55.749,	39.113,	306.613,	0.0,	0.0,	0.0,	NaN,	300.084,	0.0,	0.0,	0.0,	NaN,	299.518,	1.899
27.700054,	9.497,	8.874,	308.149,	55.718,	39.336,	306.613,	0.0,	0.0,	0.0,	NaN,	300.088,	0.0,	0.0,	0.0,	NaN,	299.515,	1.899
27.838402,	8.388,	7.844,	308.149,	55.681,	39.437,	306.611,	0.0,	0.0,	0.0,	NaN,	300.084,	0.0,	0.0,	0.0,	NaN,	299.515,	1.899
27.968508,	8.062,	7.559,	308.149,	55.693,	39.248,	306.611,	0.0,	0.0,	0.0,	NaN,	300.084,	0.0,	0.0,	0.0,	NaN,	299.515,	1.892
28.110767,	8.314,	7.823,	308.152,	55.73,	38.999,	306.611,	0.0,	0.0,	0.0,	NaN,	300.081,	0.0,	0.0,	0.0,	NaN,	299.515,	1.892
28.23712,	9.757,	9.139,	308.152,	55.758,	39.092,	306.611,	0.0,	0.0,	0.0,	NaN,	300.084,	0.0,	0.0,	0.0,	NaN,	299.515,	1.892
28.37354,	9.599,	8.971,	308.152,	55.733,	39.319,	306.609,	0.0,	0.0,	0.0,	NaN,	300.081,	0.0,	0.0,	0.0,	NaN,	299.518,	1.892
28.506224,	8.581,	8.018,	308.152,	55.693,	39.441,	306.609,	0.0,	0.0,	0.0,	NaN,	300.081,	0.0,	0.0,	0.0,	NaN,	299.518,	1.892
28.633677,	8.133,	7.616,	308.149,	55.691,	39.297,	306.609,	0.0,	0.0,	0.0,	NaN,	300.081,	0.0,	0.0,	0.0,	NaN,	299.518,	1.892
28.767923,	8.415,	7.921,	308.149,	55.723,	39.036,	306.609,	0.0,	0.0,	0.0,	NaN,	300.081,	0.0,	0.0,	0.0,	NaN,	299.518,	1.892
28.904465,	9.784,	9.168,	308.149,	55.756,	39.046,	306.609,	0.0,	0.0,	0.0,	NaN,	300.081,	0.0,	0.0,	0.0,	NaN,	299.522,	1.892
29.047739,	9.736,	9.101,	308.149,	55.753,	39.27,	306.609,	0.0,	0.0,	0.0,	NaN,	300.081,	0.0,	0.0,	0.0,	NaN,	299.518,	1.892
29.1851,	8.694,	8.12,	308.152,	55.704,	39.439,	306.609,	0.0,	0.0,	0.0,	NaN,	300.081,	0.0,	0.0,	0.0,	NaN,	299.522,	1.892
29.31899,	8.19,	7.665,	308.152,	55.693,	39.312,	306.609,	0.0,	0.0,	0.0,	NaN,	300.081,	0.0,	0.0,	0.0,	NaN,	299.522,	1.892
29.462751,	8.359,	7.853,	308.152,	55.718,	39.047,	306.609,	0.0,	0.0,	0.0,	NaN,	300.084,	0.0,	0.0,	0.0,	NaN,	299.522,	1.892
29.587528,	9.813,	9.197,	308.152,	55.757,	39.026,	306.609,	0.0,	0.0,	0.0,	NaN,	300.084,	0.0,	0.0,	0.0,	NaN,	299.522,	1.895
29.720095,	9.827,	9.188,	308.154,	55.764,	39.217,	306.609,	0.0,	0.0,	0.0,	NaN,	300.084,	0.0,	0.0,	0.0,	NaN,	299.518,	1.895
29.847807,	9.083,	8.479,	308.154,	55.726,	39.41,	306.609,	0.0,	0.0,	0.0,	NaN,	300.081,	0.0,	0.0,	0.0,	NaN,	299.522,	1.894
29.985142,	8.289,	7.75,	308.154,	55.693,	39.349,	306.609,	0.0,	0.0,	0.0,	NaN,	300.084,	0.0,	0.0,	0.0,	NaN,	299.522,	1.894
30.12334,	8.256,	7.743,	308.154,	55.708,	39.087,	306.609,	0.0,	0.0,	0.0,	NaN,	300.088,	0.0,	0.0,	0.0,	NaN,	299.522,	1.895
30.254183,	9.765,	9.159,	308.156,	55.754,	38.991,	306.609,	0.0,	0.0,	0.0,	NaN,	300.088,	0.0,	0.0,	0.0,	NaN,	299.518,	1.895
30.385208,	9.888,	9.244,	308.156,	55.769,	39.196,	306.613,	0.0,	0.0,	0.0,	NaN,	300.088,	0.0,	0.0,	0.0,	NaN,	299.518,	1.895
30.519625,	9.219,	8.603,	308.156,	55.741,	39.399,	306.613,	0.0,	0.0,	0.0,	NaN,	300.091,	0.0,	0.0,	0.0,	NaN,	299.518,	1.894
30.652771,	8.41,	7.855,	308.156,	55.704,	39.381,	306.613,	0.0,	0.0,	0.0,	NaN,	300.091,	0.0,	0.0,	0.0,	NaN,	299.518,	1.895
30.79639,	8.234,	7.712,	308.158,	55.706,	39.137,	306.613,	0.0,	0.0,	0.0,	NaN,	300.091,	0.0,	0.0,	0.0,	NaN,	299.515,	1.894
30.927237,	9.611,	9.029,	308.158,	55.742,	38.96,	306.611,	0.0,	0.0,	0.0,	NaN,	300.091,	0.0,	0.0,	0.0,	NaN,	299.518,	1.894
31.053757,	9.956,	9.311,	308.158,	55.769,	39.113,	306.611,	0.0,	0.0,	0.0,	NaN,	300.091,	0.0,	0.0,	0.0,	NaN,	299.515,	1.894
31.181538,	9.643,	8.993,	308.158,	55.765,	39.34,	306.611,	0.0,	0.0,	0.0,	NaN,	300.091,	0.0,	0.0,	0.0,	NaN,	299.515,	1.894
31.311293,	8.633,	8.055,	308.16,	55.719,	39.408,	306.611,	0.0,	0.0,	0.0,	NaN,	300.091,	0.0,	0.0,	0.0,	NaN,	299.515,	1.906
31.450783,	8.275,	7.739,	308.16,	55.704,	39.221,	306.613,	0.0,	0.0,	0.0,	NaN,	300.091,	0.0,	0.0,	0.0,	NaN,	299.511,	1.906
31.584394,	9.31,	8.776,	308.16,	55.732,	38.96,	306.613,	0.0,	0.0,	0.0,	NaN,	300.094,	0.0,	0.0,	0.0,	NaN,	299.511,	1.906
31.720663,	10.006,	9.358,	308.162,	55.771,	39.09,	306.613,	0.0,	0.0,	0.0,	NaN,	300.091,	0.0,	0.0,	0.0,	NaN,	299.511,	1.906
31.851868,	9.867,	9.211,	308.162,	55.776,	39.287,	306.613,	0.0,	0.0,	0.0,	NaN,	300.091,	0.0,	0.0,	0.0,	NaN,	299.511,	1.906
32.001705,	8.734,	8.146,	308.162,	55.738,	39.408,	306.611,	0.0,	0.0,	0.0,	NaN,	300.091,	0.0,	0.0,	0.0,	NaN,	299.511,	1.906
32.129585,	8.328,	7.783,	308.162,	55.708,	39.231,	306.611,	0.0,	0.0,	0.0,	NaN,	300.091,	0.0,	0.0,	0.0,	NaN,	299.515,	1.906
32.26254,	8.6,	8.078,	308.165,	55.723,	38.979,	306.611,	0.0,	0.0,	0.0,	NaN,	300.091,	0.0,	0.0,	0.0,	NaN,	299.515,	1.907
32.39209,	10.043,	9.398,	308.165,	55.766,	39.039,	306.611,	0.0,	0.0,	0.0,	NaN,	300.091,	0.0,	0.0,	0.0,	NaN,	299.515,	1.906
32.520836,	10.002,	9.341,	308.165,	55.783,	39.231,	306.609,	0.0,	0.0,	0.0,	NaN,	300.091,	0.0,	0.0,	0.0,	NaN,	299.518,	1.906
32.653877,	9.071,	8.456,	308.165,	55.764,	39.399,	306.609,	0.0,	0.0,	0.0,	NaN,	300.091,	0.0,	0.0,	0.0,	NaN,	299.515,	1.906
32.786728,	8.412,	7.855,	308.167,	55.719,	39.278,	306.609,	0.0,	0.0,	0.0,	NaN,	300.091,	0.0,	0.0,	0.0,	NaN,	299.518,	1.906
32.915894,	8.456,	7.92,	308.167,	55.716,	39.041,	306.609,	0.0,	0.0,	0.0,	NaN,	300.091,	0.0,	0.0,	0.0,	NaN,	299.518,	1.906
33.057693,	10.044,	9.405,	308.167,	55.757,	38.992,	306.613,	0.0,	0.0,	0.0,	NaN,	300.094,	0.0,	0.0,	0.0,	NaN,	299.518,	1.916
33.1928,	10.07,	9.405,	308.167,	55.786,	39.207,	306.613,	0.0,	0.0,	0.0,	NaN,	300.091,	0.0,	0.0,	0.0,	NaN,	299.518,	1.916
33.320198,	9.347,	8.712,	308.165,	55.778,	39.373,	306.613,	0.0,	0.0,	0.0,	NaN,	300.091,	0.0,	0.0,	0.0,	NaN,	299.518,	1.916
33.448895,	8.562,	7.986,	308.165,	55.736,	39.333,	306.615,	0.0,	0.0,	0.0,	NaN,	300.091,	0.0,	0.0,	0.0,	NaN,	299.518,	1.916
33.57656,	8.407,	7.863,	308.165,	55.716,	39.081,	306.615,	0.0,	0.0,	0.0,	NaN,	300.091,	0.0,	0.0,	0.0,	NaN,	299.522,	1.917
33.704296,	9.853,	9.242,	308.165,	55.739,	38.937,	306.615,	0.0,	0.0,	0.0,	NaN,	300.091,	0.0,	0.0,	0.0,	NaN,	299.518,	1.916
33.862785,	10.14,	9.473,	308.167,	55.785,	39.155,	306.615,	0.0,	0.0,	0.0,	NaN,	300.094,	0.0,	0.0,	0.0,	NaN,	299.518,	1.916
33.99406,	9.476,	8.833,	308.167,	55.788,	39.356,	306.613,	0.0,	0.0,	0.0,	NaN,	300.091,	0.0,	0.0,	0.0,	NaN,	299.522,	1.916
34.122234,	8.638,	8.053,	308.167,	55.753,	39.339,	306.613,	0.0,	0.0,	0.0,	NaN,	300.091,	0.0,	0.0,	0.0,	NaN,	299.522,	1.917
34.25369,	8.432,	7.882,	308.167,	55.719,	39.096,	306.613,	0.0,	0.0,	0.0,	NaN,	300.088,	0.0,	0.0,	0.0,	NaN,	299.522,	1.917
34.3836,	9.596,	9.028,	308.169,	55.731,	38.917,	306.613,	0.0,	0.0,	0.0,	NaN,	300.088,	0.0,	0.0,	0.0,	NaN,	299.518,	1.916
34.520954,	10.193,	9.525,	308.169,	55.779,	39.099,	306.615,	0.0,	0.0,	0.0,	NaN,	300.084,	0.0,	0.0,	0.0,	NaN,	299.522,	1.917
34.653122,	9.899,	9.224,	308.169,	55.797,	39.295,	306.615,	0.0,	0.0,	0.0,	NaN,	300.084,	0.0,	0.0,	0.0,	NaN,	299.522,	1.917
34.778774,	8.867,	8.261,	308.169,	55.778,	39.365,	306.615,	0.0,	0.0,	0.0,	NaN,	300.088,	0.0,	0.0,	0.0,	NaN,	299.522,	1.924
34.910763,	8.478,	7.915,	308.171,	55.737,	39.179,	306.615,	0.0,	0.0,	0.0,	NaN,	300.084,	0.0,	0.0,	0.0,	NaN,	299.525,	1.925
35.039627,	8.681,	8.135,	308.171,	55.73,	38.933,	306.617,	0.0,	0.0,	0.0,	NaN,	300.084,	0.0,	0.0,	0.0,	NaN,	299.522,	1.925
35.172993,	10.231,	9.568,	308.171,	55.762,	39.014,	306.617,	0.0,	0.0,	0.0,	NaN,	300.084,	0.0,	0.0,	0.0,	NaN,	299.522,	1.924
35.321697,	10.028,	9.347,	308.171,	55.803,	39.268,	306.617,	0.0,	0.0,	0.0,	NaN,	300.084,	0.0,	0.0,	0.0,	NaN,	299.522,	1.924
35.45076,	8.967,	8.352,	308.169,	55.791,	39.361,	306.617,	0.0,	0.0,	0.0,	NaN,	300.091,	0.0,	0.0,	0.0,	NaN,	299.522,	1.924
35.59406,	8.529,	7.959,	308.169,	55.75,	39.187,	306.62,	0.0,	0.0,	0.0,	NaN,	300.088,	0.0,	0.0,	0.0,	NaN,	299.522,	1.924
35.71912,	8.777,	8.233,	308.169,	55.732,	38.93,	306.62,	0.0,	0.0,	0.0,	NaN,	300.084,	0.0,	0.0,	0.0,	NaN,	299.522,	1.924
35.865646,	10.271,	9.608,	308.167,	55.76,	38.99,	306.62,	0.0,	0.0,	0.0,	NaN,	300.088,	0.0,	0.0,	0.0,	NaN,	299.522,	1.925
36.000202,	10.138,	9.453,	308.167,	55.803,	39.241,	306.62,	0.0,	0.0,	0.0,	NaN,	300.088,	0.0,	0.0,	0.0,	NaN,	299.522,	1.924
36.14699,	9.073,	8.449,	308.167,	55.804,	39.355,	306.617,	0.0,	0.0,	0.0,	NaN,	300.088,	0.0,	0.0,	0.0,	NaN,	299.522,	1.925
36.270718,	8.619,	8.037,	308.167,	55.769,	39.227,	306.617,	0.0,	0.0,	0.0,	NaN,	300.088,	0.0,	0.0,	0.0,	NaN,	299.518,	1.925
36.421825,	8.896,	8.174,	308.169,	55.737,	38.905,	306.617,	0.0,	0.0,	0.0,	NaN,	300.088,	0.0,	0.0,	0.0,	NaN,	299.515,	1.932
36.555836,	10.319,	9.651,	308.169,	55.76,	38.989,	306.615,	0.0,	0.0,	0.0,	NaN,	300.084,	0.0,	0.0,	0.0,	NaN,	299.515,	1.933
36.68895,	10.277,	9.592,	308.169,	55.797,	39.183,	306.615,	0.0,	0.0,	0.0,	NaN,	300.088,	0.0,	0.0,	0.0,	NaN,	299.515,	1.933
36.813225,	9.304,	8.664,	308.169,	55.814,	39.342,	306.615,	0.0,	0.0,	0.0,	NaN,	300.088,	0.0,	0.0,	0.0,	NaN,	299.515,	1.933
36.942806,	8.683,	8.094,	308.167,	55.786,	39.233,	306.615,	0.0,	0.0,	0.0,	NaN,	300.088,	0.0,	0.0,	0.0,	NaN,	299.518,	1.933
37.07464,	8.707,	8.145,	308.167,	55.746,	38.962,	306.613,	0.0,	0.0,	0.0,	NaN,	300.091,	0.0,	0.0,	0.0,	NaN,	299.515,	1.933
37.207756,	10.262,	9.61,	308.167,	55.748,	38.908,	306.613,	0.0,	0.0,	0.0,	NaN,	300.088,	0.0,	0.0,	0.0,	NaN,	299.515,	1.933
37.33806,	10.374,	9.69,	308.167,	55.783,	39.101,	306.613,	0.0,	0.0,	0.0,	NaN,	300.088,	0.0,	0.0,	0.0,	NaN,	299.515,	1.933
37.465694,	9.716,	9.051,	308.165,	55.816,	39.304,	306.613,	0.0,	0.0,	0.0,	NaN,	300.088,	0.0,	0.0,	0.0,	NaN,	299.511,	1.933
37.598186,	8.854,	8.246,	308.165,	55.807,	39.285,	306.611,	0.0,	0.0,	0.0,	NaN,	300.091,	0.0,	0.0,	0.0,	NaN,	299.515,	1.933
37.7277,	8.618,	8.047,	308.165,	55.766,	39.042,	306.611,	0.0,	0.0,	0.0,	NaN,	300.088,	0.0,	0.0,	0.0,	NaN,	299.515,	1.933
37.858803,	9.992,	9.379,	308.165,	55.748,	38.863,	306.611,	0.0,	0.0,	0.0,	NaN,	300.088,	0.0,	0.0,	0.0,	NaN,	299.515,	1.933
37.986908,	10.423,	9.74,	308.162,	55.777,	39.042,	306.611,	0.0,	0.0,	0.0,	NaN,	300.088,	0.0,	0.0,	0.0,	NaN,	299.518,	1.933
38.12705,	9.979,	9.293,	308.162,	55.813,	39.258,	306.609,	0.0,	0.0,	0.0,	NaN,	300.088,	0.0,	0.0,	0.0,	NaN,	299.515,	1.933
38.257854,	9.007,	8.384,	308.162,	55.82,	39.298,	306.609,	0.0,	0.0,	0.0,	NaN,	300.088,	0.0,	0.0,	0.0,	NaN,	299.515,	1.944
38.38718,	8.655,	8.075,	308.162,	55.785,	39.086,	306.609,	0.0,	0.0,	0.0,	NaN,	300.088,	0.0,	0.0,	0.0,	NaN,	299.518,	1.944
38.53128,	9.651,	9.085,	308.16,	55.753,	38.858,	306.609,	0.0,	0.0,	0.0,	NaN,	300.091,	0.0,	0.0,	0.0,	NaN,	299.518,	1.944
38.673443,	10.464,	9.78,	308.16,	55.774,	39.014,	306.613,	0.0,	0.0,	0.0,	NaN,	300.088,	0.0,	0.0,	0.0,	NaN,	299.518,	1.944
38.827847,	9.965,	9.281,	308.16,	55.819,	39.259,	306.613,	0.0,	0.0,	0.0,	NaN,	300.088,	0.0,	0.0,	0.0,	NaN,	299.518,	1.944
38.969715,	8.95,	8.333,	308.158,	55.824,	39.263,	306.613,	0.0,	0.0,	0.0,	NaN,	300.088,	0.0,	0.0,	0.0,	NaN,	299.522,	1.944
39.103638,	8.688,	8.11,	308.158,	55.792,	39.027,	306.613,	0.0,	0.0,	0.0,	NaN,	300.088,	0.0,	0.0,	0.0,	NaN,	299.518,	1.944
39.233273,	9.793,	9.216,	308.158,	55.759,	38.837,	306.611,	0.0,	0.0,	0.0,	NaN,	300.088,	0.0,	0.0,	0.0,	NaN,	299.518,	1.944
39.36229,	10.505,	9.822,	308.158,	55.767,	38.983,	306.611,	0.0,	0.0,	0.0,	NaN,	300.091,	0.0,	0.0,	0.0,	NaN,	299.518,	1.944
39.498535,	10.26,	9.56,	308.156,	55.811,	39.208,	306.611,	0.0,	0.0,	0.0,	NaN,	300.091,	0.0,	0.0,	0.0,	NaN,	299.522,	1.943
39.63027,	9.197,	8.56,	308.156,	55.835,	39.288,	306.611,	0.0,	0.0,	0.0,	NaN,	300.091,	0.0,	0.0,	0.0,	NaN,	299.522,	1.944
39.757156,	8.752,	8.161,	308.156,	55.815,	39.104,	306.613,	0.0,	0.0,	0.0,	NaN,	300.088,	0.0,	0.0,	0.0,	NaN,	299.522,	1.943
39.895996,	9.056,	8.326,	308.156,	55.773,	38.845,	306.613,	0.0,	0.0,	0.0,	NaN,	300.091,	0.0,	0.0,	0.0,	NaN,	299.522,	1.94
40.02803,	10.53,	9.851,	308.154,	55.767,	38.927,	306.613,	0.0,	0.0,	0.0,	NaN,	300.091,	0.0,	0.0,	0.0,	NaN,	299.522,	1.94
40.163483,	10.456,	9.758,	308.154,	55.8,	39.153,	306.611,	0.0,	0.0,	0.0,	NaN,	300.091,	0.0,	0.0,	0.0,	NaN,	299.522,	1.94
40.291214,	9.407,	8.756,	308.154,	55.837,	39.282,	306.611,	0.0,	0.0,	0.0,	NaN,	300.091,	0.0,	0.0,	0.0,	NaN,	299.522,	1.94
40.419662,	8.881,	8.273,	308.154,	55.835,	39.174,	306.611,	0.0,	0.0,	0.0,	NaN,	300.091,	0.0,	0.0,	0.0,	NaN,	299.522,	1.94
40.547726,	8.875,	8.298,	308.152,	55.796,	38.907,	306.611,	0.0,	0.0,	0.0,	NaN,	300.091,	0.0,	0.0,	0.0,	NaN,	299.522,	1.94
40.67826,	10.462,	9.802,	308.152,	55.771,	38.849,	306.609,	0.0,	0.0,	0.0,	NaN,	300.091,	0.0,	0.0,	0.0,	NaN,	299.525,	1.94
40.81191,	10.588,	9.892,	308.152,	55.787,	39.068,	306.609,	0.0,	0.0,	0.0,	NaN,	300.094,	0.0,	0.0,	0.0,	NaN,	299.525,	1.94
40.94175,	9.805,	9.132,	308.152,	55.826,	39.258,	306.609,	0.0,	0.0,	0.0,	NaN,	300.091,	0.0,	0.0,	0.0,	NaN,	299.525,	1.94
41.079605,	9.003,	8.383,	308.149,	55.841,	39.202,	306.609,	0.0,	0.0,	0.0,	NaN,	300.091,	0.0,	0.0,	0.0,	NaN,	299.528,	1.94
41.20843,	8.815,	8.232,	308.149,	55.817,	38.944,	306.609,	0.0,	0.0,	0.0,	NaN,	300.094,	0.0,	0.0,	0.0,	NaN,	299.528,	1.94
41.352863,	10.44,	9.784,	308.149,	55.776,	38.83,	306.609,	0.0,	0.0,	0.0,	NaN,	300.098,	0.0,	0.0,	0.0,	NaN,	299.528,	1.94
41.4868,	10.635,	9.941,	308.149,	55.78,	39.007,	306.609,	0.0,	0.0,	0.0,	NaN,	300.094,	0.0,	0.0,	0.0,	NaN,	299.528,	1.94
41.613247,	10.064,	9.377,	308.147,	55.819,	39.218,	306.609,	0.0,	0.0,	0.0,	NaN,	300.094,	0.0,	0.0,	0.0,	NaN,	299.528,	1.957
41.740322,	9.143,	8.51,	308.147,	55.85,	39.224,	306.609,	0.0,	0.0,	0.0,	NaN,	300.094,	0.0,	0.0,	0.0,	NaN,	299.528,	1.957
41.867577,	8.827,	8.236,	308.147,	55.834,	38.989,	306.609,	0.0,	0.0,	0.0,	NaN,	300.094,	0.0,	0.0,	0.0,	NaN,	299.532,	1.957
42.00057,	9.803,	9.23,	308.147,	55.797,	38.79,	306.609,	0.0,	0.0,	0.0,	NaN,	300.094,	0.0,	0.0,	0.0,	NaN,	299.528,	1.958
42.12803,	10.665,	9.977,	308.145,	55.777,	38.918,	306.609,	0.0,	0.0,	0.0,	NaN,	300.098,	0.0,	0.0,	0.0,	NaN,	299.532,	1.957
42.286198,	10.19,	9.494,	308.145,	55.816,	39.197,	306.609,	0.0,	0.0,	0.0,	NaN,	300.098,	0.0,	0.0,	0.0,	NaN,	299.532,	1.957
42.42999,	9.228,	8.588,	308.145,	55.85,	39.224,	306.609,	0.0,	0.0,	0.0,	NaN,	300.101,	0.0,	0.0,	0.0,	NaN,	299.532,	1.957
42.56274,	8.866,	8.271,	308.145,	55.848,	38.999,	306.609,	0.0,	0.0,	0.0,	NaN,	300.098,	0.0,	0.0,	0.0,	NaN,	299.532,	1.958
42.693172,	9.936,	9.354,	308.147,	55.81,	38.777,	306.609,	0.0,	0.0,	0.0,	NaN,	300.101,	0.0,	0.0,	0.0,	NaN,	299.535,	1.958
42.8256,	10.707,	10.016,	308.147,	55.783,	38.915,	306.613,	0.0,	0.0,	0.0,	NaN,	300.098,	0.0,	0.0,	0.0,	NaN,	299.535,	1.957
42.95874,	10.482,	9.772,	308.147,	55.803,	39.147,	306.613,	0.0,	0.0,	0.0,	NaN,	300.101,	0.0,	0.0,	0.0,	NaN,	299.532,	1.958
43.09226,	9.406,	8.754,	308.145,	55.846,	39.228,	306.613,	0.0,	0.0,	0.0,	NaN,	300.098,	0.0,	0.0,	0.0,	NaN,	299.539,	1.958
43.219982,	8.932,	8.327,	308.145,	55.856,	39.042,	306.613,	0.0,	0.0,	0.0,	NaN,	300.098,	0.0,	0.0,	0.0,	NaN,	299.535,	1.957
43.36109,	9.199,	8.629,	308.145,	55.826,	38.781,	306.615,	0.0,	0.0,	0.0,	NaN,	300.098,	0.0,	0.0,	0.0,	NaN,	299.535,	1.941
43.488438,	10.72,	10.036,	308.145,	55.792,	38.859,	306.615,	0.0,	0.0,	0.0,	NaN,	300.098,	0.0,	0.0,	0.0,	NaN,	299.532,	1.941
43.617096,	10.666,	9.96,	308.147,	55.799,	39.093,	306.615,	0.0,	0.0,	0.0,	NaN,	300.101,	0.0,	0.0,	0.0,	NaN,	299.532,	1.941
43.751583,	9.618,	8.954,	308.147,	55.841,	39.226,	306.615,	0.0,	0.0,	0.0,	NaN,	300.101,	0.0,	0.0,	0.0,	NaN,	299.535,	1.941
43.8959,	9.024,	8.408,	308.147,	55.865,	39.086,	306.617,	0.0,	0.0,	0.0,	NaN,	300.101,	0.0,	0.0,	0.0,	NaN,	299.535,	1.941
44.026676,	9.125,	8.544,	308.147,	55.849,	38.818,	306.617,	0.0,	0.0,	0.0,	NaN,	300.101,	0.0,	0.0,	0.0,	NaN,	299.535,	1.941
44.155113,	10.704,	10.03,	308.145,	55.804,	38.809,	306.617,	0.0,	0.0,	0.0,	NaN,	300.101,	0.0,	0.0,	0.0,	NaN,	299.535,	1.941
44.28338,	10.788,	10.085,	308.145,	55.796,	39.0,	306.617,	0.0,	0.0,	0.0,	NaN,	300.105,	0.0,	0.0,	0.0,	NaN,	299.539,	1.941
44.408978,	10.018,	9.335,	308.145,	55.823,	39.197,	306.615,	0.0,	0.0,	0.0,	NaN,	300.101,	0.0,	0.0,	0.0,	NaN,	299.532,	1.941
44.53414,	9.193,	8.558,	308.145,	55.863,	39.143,	306.615,	0.0,	0.0,	0.0,	NaN,	300.105,	0.0,	0.0,	0.0,	NaN,	299.535,	1.941
44.680443,	8.975,	8.38,	308.147,	55.866,	38.884,	306.615,	0.0,	0.0,	0.0,	NaN,	300.105,	0.0,	0.0,	0.0,	NaN,	299.535,	1.941
44.84358,	10.702,	10.032,	308.147,	55.816,	38.779,	306.613,	0.0,	0.0,	0.0,	NaN,	300.105,	0.0,	0.0,	0.0,	NaN,	299.535,	1.941
44.979393,	10.823,	10.118,	308.147,	55.797,	39.0,	306.613,	0.0,	0.0,	0.0,	NaN,	300.101,	0.0,	0.0,	0.0,	NaN,	299.535,	1.941
45.108486,	9.997,	9.314,	308.147,	55.826,	39.189,	306.613,	0.0,	0.0,	0.0,	NaN,	300.105,	0.0,	0.0,	0.0,	NaN,	299.535,	1.96
45.236965,	9.267,	8.627,	308.149,	55.863,	39.148,	306.613,	0.0,	0.0,	0.0,	NaN,	300.105,	0.0,	0.0,	0.0,	NaN,	299.535,	1.96
45.363884,	8.995,	8.396,	308.149,	55.873,	38.895,	306.611,	0.0,	0.0,	0.0,	NaN,	300.105,	0.0,	0.0,	0.0,	NaN,	299.535,	1.96
45.50302,	10.571,	9.919,	308.149,	55.839,	38.739,	306.611,	0.0,	0.0,	0.0,	NaN,	300.105,	0.0,	0.0,	0.0,	NaN,	299.539,	1.96
45.63879,	10.867,	10.165,	308.149,	55.804,	38.943,	306.611,	0.0,	0.0,	0.0,	NaN,	300.108,	0.0,	0.0,	0.0,	NaN,	299.539,	1.96
45.77687,	10.258,	9.563,	308.152,	55.819,	39.155,	306.611,	0.0,	0.0,	0.0,	NaN,	300.108,	0.0,	0.0,	0.0,	NaN,	299.539,	1.96
45.90699,	9.344,	8.698,	308.152,	55.858,	39.146,	306.613,	0.0,	0.0,	0.0,	NaN,	300.108,	0.0,	0.0,	0.0,	NaN,	299.539,	1.96
46.035088,	9.03,	8.422,	308.152,	55.878,	38.942,	306.613,	0.0,	0.0,	0.0,	NaN,	300.108,	0.0,	0.0,	0.0,	NaN,	299.542,	1.96
46.167995,	10.315,	9.699,	308.152,	55.862,	38.72,	306.613,	0.0,	0.0,	0.0,	NaN,	300.108,	0.0,	0.0,	0.0,	NaN,	299.539,	1.96
46.302376,	10.889,	10.194,	308.154,	55.822,	38.858,	306.613,	0.0,	0.0,	0.0,	NaN,	300.112,	0.0,	0.0,	0.0,	NaN,	299.539,	1.96
46.429302,	10.68,	9.963,	308.154,	55.811,	39.09,	306.611,	0.0,	0.0,	0.0,	NaN,	300.108,	0.0,	0.0,	0.0,	NaN,	299.539,	1.96
46.558952,	9.599,	8.935,	308.154,	55.843,	39.174,	306.611,	0.0,	0.0,	0.0,	NaN,	300.112,	0.0,	0.0,	0.0,	NaN,	299.542,	1.96
46.68425,	9.101,	8.483,	308.154,	55.88,	38.988,	306.611,	0.0,	0.0,	0.0,	NaN,	300.112,	0.0,	0.0,	0.0,	NaN,	299.539,	1.96
46.82001,	9.337,	8.759,	308.156,	55.876,	38.73,	306.611,	0.0,	0.0,	0.0,	NaN,	300.108,	0.0,	0.0,	0.0,	NaN,	299.542,	1.945
46.957623,	10.898,	10.21,	308.156,	55.841,	38.802,	306.609,	0.0,	0.0,	0.0,	NaN,	300.112,	0.0,	0.0,	0.0,	NaN,	299.542,	1.945
47.083138,	10.857,	10.146,	308.156,	55.814,	39.033,	306.609,	0.0,	0.0,	0.0,	NaN,	300.112,	0.0,	0.0,	0.0,	NaN,	299.546,	1.945
47.227245,	9.81,	9.135,	308.158,	55.835,	39.167,	306.609,	0.0,	0.0,	0.0,	NaN,	300.108,	0.0,	0.0,	0.0,	NaN,	299.542,	1.945
47.35184,	9.243,	8.609,	308.158,	55.87,	39.06,	306.609,	0.0,	0.0,	0.0,	NaN,	300.112,	0.0,	0.0,	0.0,	NaN,	299.542,	1.945
47.478096,	9.173,	8.576,	308.158,	55.891,	38.784,	306.609,	0.0,	0.0,	0.0,	NaN,	300.108,	0.0,	0.0,	0.0,	NaN,	299.546,	1.945
47.61174,	10.791,	10.123,	308.158,	55.867,	38.73,	306.609,	0.0,	0.0,	0.0,	NaN,	300.108,	0.0,	0.0,	0.0,	NaN,	299.546,	1.945
47.736885,	10.97,	10.266,	308.158,	55.828,	38.912,	306.609,	0.0,	0.0,	0.0,	NaN,	300.112,	0.0,	0.0,	0.0,	NaN,	299.546,	1.945
47.86229,	10.343,	9.645,	308.16,	55.823,	39.129,	306.609,	0.0,	0.0,	0.0,	NaN,	300.112,	0.0,	0.0,	0.0,	NaN,	299.542,	1.945
47.98579,	9.509,	8.851,	308.16,	55.849,	39.132,	306.609,	0.0,	0.0,	0.0,	NaN,	300.112,	0.0,	0.0,	0.0,	NaN,	299.546,	1.945
48.111874,	9.118,	8.506,	308.16,	55.889,	38.904,	306.609,	0.0,	0.0,	0.0,	NaN,	300.108,	0.0,	0.0,	0.0,	NaN,	299.546,	1.945
48.244858,	10.199,	9.607,	308.16,	55.891,	38.688,	306.609,	0.0,	0.0,	0.0,	NaN,	300.108,	0.0,	0.0,	0.0,	NaN,	299.542,	1.945
48.374374,	10.989,	10.291,	308.162,	55.853,	38.837,	306.609,	0.0,	0.0,	0.0,	NaN,	300.112,	0.0,	0.0,	0.0,	NaN,	299.542,	1.945
48.50596,	10.76,	10.039,	308.162,	55.823,	39.063,	306.609,	0.0,	0.0,	0.0,	NaN,	300.108,	0.0,	0.0,	0.0,	NaN,	299.546,	1.958
48.63598,	9.683,	9.014,	308.162,	55.843,	39.143,	306.609,	0.0,	0.0,	0.0,	NaN,	300.112,	0.0,	0.0,	0.0,	NaN,	299.546,	1.958
48.768845,	9.221,	8.594,	308.162,	55.879,	38.986,	306.609,	0.0,	0.0,	0.0,	NaN,	300.108,	0.0,	0.0,	0.0,	NaN,	299.542,	1.958
48.9014,	9.454,	8.698,	308.165,	55.9,	38.698,	306.609,	0.0,	0.0,	0.0,	NaN,	300.108,	0.0,	0.0,	0.0,	NaN,	299.546,	1.958
49.044147,	10.994,	10.304,	308.165,	55.876,	38.782,	306.609,	0.0,	0.0,	0.0,	NaN,	300.112,	0.0,	0.0,	0.0,	NaN,	299.546,	1.958
49.18105,	10.869,	10.149,	308.165,	55.833,	39.04,	306.609,	0.0,	0.0,	0.0,	NaN,	300.112,	0.0,	0.0,	0.0,	NaN,	299.546,	1.958
49.315002,	9.778,	9.104,	308.162,	55.838,	39.136,	306.609,	0.0,	0.0,	0.0,	NaN,	300.112,	0.0,	0.0,	0.0,	NaN,	299.546,	1.958
49.448746,	9.235,	8.608,	308.162,	55.88,	38.962,	306.609,	0.0,	0.0,	0.0,	NaN,	300.112,	0.0,	0.0,	0.0,	NaN,	299.546,	1.958
49.61785,	9.367,	8.775,	308.162,	55.905,	38.682,	306.609,	0.0,	0.0,	0.0,	NaN,	300.112,	0.0,	0.0,	0.0,	NaN,	299.546,	1.959
49.744156,	11.032,	10.339,	308.162,	55.882,	38.779,	306.609,	0.0,	0.0,	0.0,	NaN,	300.115,	0.0,	0.0,	0.0,	NaN,	299.546,	1.958
49.871838,	10.954,	10.236,	308.16,	55.842,	39.013,	306.609,	0.0,	0.0,	0.0,	NaN,	300.112,	0.0,	0.0,	0.0,	NaN,	299.546,	1.958
49.99899,	9.875,	9.196,	308.16,	55.839,	39.13,	306.609,	0.0,	0.0,	0.0,	NaN,	300.112,	0.0,	0.0,	0.0,	NaN,	299.549,	1.958
50.13558,	9.334,	8.696,	308.16,	55.87,	39.004,	306.609,	0.0,	0.0,	0.0,	NaN,	300.112,	0.0,	0.0,	0.0,	NaN,	299.546,	1.958
50.274605,	9.457,	8.871,	308.16,	55.908,	38.702,	306.609,	0.0,	0.0,	0.0,	NaN,	300.112,	0.0,	0.0,	0.0,	NaN,	299.549,	1.95
50.40186,	10.952,	10.276,	308.158,	55.901,	38.702,	306.609,	0.0,	0.0,	0.0,	NaN,	300.115,	0.0,	0.0,	0.0,	NaN,	299.546,	1.95
50.531055,	11.088,	10.377,	308.158,	55.864,	38.928,	306.609,	0.0,	0.0,	0.0,	NaN,	300.112,	0.0,	0.0,	0.0,	NaN,	299.546,	1.95
50.659676,	10.254,	9.559,	308.158,	55.838,	39.11,	306.609,	0.0,	0.0,	0.0,	NaN,	300.115,	0.0,	0.0,	0.0,	NaN,	299.546,	1.95
50.787827,	9.453,	8.802,	308.158,	55.861,	39.042,	306.609,	0.0,	0.0,	0.0,	NaN,	300.112,	0.0,	0.0,	0.0,	NaN,	299.546,	1.95
50.924633,	9.244,	8.635,	308.16,	55.905,	38.774,	306.609,	0.0,	0.0,	0.0,	NaN,	300.112,	0.0,	0.0,	0.0,	NaN,	299.546,	1.95
51.058018,	10.815,	10.156,	308.16,	55.915,	38.662,	306.613,	0.0,	0.0,	0.0,	NaN,	300.115,	0.0,	0.0,	0.0,	NaN,	299.546,	1.95
51.18687,	11.123,	10.415,	308.16,	55.898,	38.874,	306.613,	0.0,	0.0,	0.0,	NaN,	300.115,	0.0,	0.0,	0.0,	NaN,	299.549,	1.95
51.318275,	10.639,	9.924,	308.16,	55.849,	39.063,	306.613,	0.0,	0.0,	0.0,	NaN,	300.119,	0.0,	0.0,	0.0,	NaN,	299.542,	1.95
51.4553,	9.59,	8.927,	308.158,	55.854,	39.069,	306.613,	0.0,	0.0,	0.0,	NaN,	300.119,	0.0,	0.0,	0.0,	NaN,	299.546,	1.95
51.608883,	9.253,	8.64,	308.158,	55.9,	38.785,	306.611,	0.0,	0.0,	0.0,	NaN,	300.119,	0.0,	0.0,	0.0,	NaN,	299.546,	1.95
51.740982,	10.746,	10.097,	308.158,	55.919,	38.644,	306.611,	0.0,	0.0,	0.0,	NaN,	300.119,	0.0,	0.0,	0.0,	NaN,	299.546,	1.95
51.875595,	11.15,	10.444,	308.16,	55.898,	38.845,	306.611,	0.0,	0.0,	0.0,	NaN,	300.119,	0.0,	0.0,	0.0,	NaN,	299.549,	1.954
52.007904,	10.613,	9.901,	308.16,	55.856,	39.064,	306.611,	0.0,	0.0,	0.0,	NaN,	300.122,	0.0,	0.0,	0.0,	NaN,	299.549,	1.954
52.13996,	9.665,	8.998,	308.16,	55.854,	39.072,	306.609,	0.0,	0.0,	0.0,	NaN,	300.119,	0.0,	0.0,	0.0,	NaN,	299.549,	1.954
52.26971,	9.293,	8.666,	308.16,	55.884,	38.872,	306.609,	0.0,	0.0,	0.0,	NaN,	300.122,	0.0,	0.0,	0.0,	NaN,	299.549,	1.954
52.39332,	9.56,	9.58,	308.162,	55.922,	38.64,	306.609,	0.0,	0.0,	0.0,	NaN,	300.119,	0.0,	0.0,	0.0,	NaN,	299.553,	1.954
52.526203,	11.153,	10.456,	308.162,	55.919,	38.762,	306.609,	0.0,	0.0,	0.0,	NaN,	300.119,	0.0,	0.0,	0.0,	NaN,	299.549,	1.954
52.662315,	11.024,	10.3,	308.162,	55.877,	38.998,	306.609,	0.0,	0.0,	0.0,	NaN,	300.122,	0.0,	0.0,	0.0,	NaN,	299.553,	1.954
52.791878,	9.932,	9.25,	308.162,	55.851,	39.094,	306.609,	0.0,	0.0,	0.0,	NaN,	300.122,	0.0,	0.0,	0.0,	NaN,	299.553,	1.954
52.918644,	9.372,	8.735,	308.165,	55.872,	38.919,	306.609,	0.0,	0.0,	0.0,	NaN,	300.122,	0.0,	0.0,	0.0,	NaN,	299.553,	1.954
53.05307,	9.479,	8.879,	308.165,	55.911,	38.687,	306.609,	0.0,	0.0,	0.0,	NaN,	300.122,	0.0,	0.0,	0.0,	NaN,	299.556,	1.954
53.179096,	11.095,	10.414,	308.165,	55.929,	38.688,	306.613,	0.0,	0.0,	0.0,	NaN,	300.119,	0.0,	0.0,	0.0,	NaN,	299.553,	1.954
53.30987,	11.192,	10.478,	308.165,	55.904,	38.912,	306.613,	0.0,	0.0,	0.0,	NaN,	300.122,	0.0,	0.0,	0.0,	NaN,	299.556,	1.954
53.439552,	10.288,	9.591,	308.162,	55.863,	39.091,	306.613,	0.0,	0.0,	0.0,	NaN,	300.122,	0.0,	0.0,	0.0,	NaN,	299.556,	1.954
53.60295,	9.427,	8.785,	308.162,	55.872,	38.938,	306.615,	0.0,	0.0,	0.0,	NaN,	300.122,	0.0,	0.0,	0.0,	NaN,	299.556,	1.953
53.739223,	9.564,	8.97,	308.162,	55.912,	38.663,	306.615,	0.0,	0.0,	0.0,	NaN,	300.122,	0.0,	0.0,	0.0,	NaN,	299.556,	1.953
53.86956,	11.138,	10.453,	308.162,	55.933,	38.687,	306.615,	0.0,	0.0,	0.0,	NaN,	300.126,	0.0,	0.0,	0.0,	NaN,	299.556,	1.954
54.00466,	11.207,	10.49,	308.165,	55.911,	38.921,	306.615,	0.0,	0.0,	0.0,	NaN,	300.122,	0.0,	0.0,	0.0,	NaN,	299.556,	1.953
54.138977,	10.26,	9.563,	308.165,	55.868,	39.082,	306.613,	0.0,	0.0,	0.0,	NaN,	300.126,	0.0,	0.0,	0.0,	NaN,	299.556,	1.953
54.27411,	9.534,	8.88,	308.165,	55.869,	38.981,	306.613,	0.0,	0.0,	0.0,	NaN,	300.126,	0.0,	0.0,	0.0,	NaN,	299.556,	1.953
54.401203,	9.411,	8.798,	308.165,	55.904,	38.71,	306.613,	0.0,	0.0,	0.0,	NaN,	300.126,	0.0,	0.0,	0.0,	NaN,	299.56,	1.953
54.532845,	10.918,	10.258,	308.167,	55.932,	38.629,	306.613,	0.0,	0.0,	0.0,	NaN,	300.122,	0.0,	0.0,	0.0,	NaN,	299.56,	1.953
54.659492,	11.254,	10.545,	308.167,	55.932,	38.838,	306.615,	0.0,	0.0,	0.0,	NaN,	300.122,	0.0,	0.0,	0.0,	NaN,	299.56,	1.953
54.78562,	10.784,	10.063,	308.167,	55.899,	39.031,	306.615,	0.0,	0.0,	0.0,	NaN,	300.122,	0.0,	0.0,	0.0,	NaN,	299.56,	1.954
54.91722,	9.729,	9.058,	308.167,	55.865,	39.033,	306.615,	0.0,	0.0,	0.0,	NaN,	300.126,	0.0,	0.0,	0.0,	NaN,	299.56,	1.953
55.051582,	9.362,	8.736,	308.169,	55.887,	38.797,	306.615,	0.0,	0.0,	0.0,	NaN,	300.122,	0.0,	0.0,	0.0,	NaN,	299.556,	1.953
55.18584,	10.647,	10.023,	308.169,	55.927,	38.607,	306.613,	0.0,	0.0,	0.0,	NaN,	300.122,	0.0,	0.0,	0.0,	NaN,	299.56,	1.953
55.32362,	11.269,	10.564,	308.169,	55.942,	38.789,	306.613,	0.0,	0.0,	0.0,	NaN,	300.122,	0.0,	0.0,	0.0,	NaN,	299.556,	1.957
55.458054,	10.907,	10.179,	308.169,	55.912,	39.015,	306.613,	0.0,	0.0,	0.0,	NaN,	300.126,	0.0,	0.0,	0.0,	NaN,	299.56,	1.957
55.582355,	9.981,	9.294,	308.167,	55.877,	39.07,	306.613,	0.0,	0.0,	0.0,	NaN,	300.122,	0.0,	0.0,	0.0,	NaN,	299.556,	1.957
55.71358,	9.413,	8.778,	308.167,	55.877,	38.846,	306.611,	0.0,	0.0,	0.0,	NaN,	300.122,	0.0,	0.0,	0.0,	NaN,	299.56,	1.957
55.854015,	9.654,	9.06,	308.167,	55.917,	38.604,	306.611,	0.0,	0.0,	0.0,	NaN,	300.122,	0.0,	0.0,	0.0,	NaN,	299.56,	1.957
55.98466,	11.273,	10.574,	308.167,	55.943,	38.736,	306.611,	0.0,	0.0,	0.0,	NaN,	300.122,	0.0,	0.0,	0.0,	NaN,	299.556,	1.957
56.118023,	11.158,	10.432,	308.165,	55.93,	38.964,	306.611,	0.0,	0.0,	0.0,	NaN,	300.122,	0.0,	0.0,	0.0,	NaN,	299.556,	1.957
56.248734,	10.185,	9.49,	308.165,	55.894,	39.073,	306.609,	0.0,	0.0,	0.0,	NaN,	300.122,	0.0,	0.0,	0.0,	NaN,	299.56,	1.957
56.379726,	9.542,	8.89,	308.165,	55.875,	38.931,	306.609,	0.0,	0.0,	0.0,	NaN,	300.119,	0.0,	0.0,	0.0,	NaN,	299.56,	1.957
56.51431,	9.573,	8.964,	308.165,	55.906,	38.656,	306.609,	0.0,	0.0,	0.0,	NaN,	300.119,	0.0,	0.0,	0.0,	NaN,	299.556,	1.957
56.646965,	11.199,	10.517,	308.162,	55.945,	38.66,	306.609,	0.0,	0.0,	0.0,	NaN,	300.119,	0.0,	0.0,	0.0,	NaN,	299.56,	1.957
56.775723,	11.316,	10.599,	308.162,	55.948,	38.887,	306.609,	0.0,	0.0,	0.0,	NaN,	300.119,	0.0,	0.0,	0.0,	NaN,	299.56,	1.957
56.902565,	10.426,	9.722,	308.162,	55.914,	39.064,	306.609,	0.0,	0.0,	0.0,	NaN,	300.119,	0.0,	0.0,	0.0,	NaN,	299.56,	1.957
57.03492,	9.657,	8.994,	308.16,	55.882,	38.973,	306.609,	0.0,	0.0,	0.0,	NaN,	300.119,	0.0,	0.0,	0.0,	NaN,	299.556,	1.957
57.176834,	9.467,	8.846,	308.16,	55.894,	38.701,	306.609,	0.0,	0.0,	0.0,	NaN,	300.119,	0.0,	0.0,	0.0,	NaN,	299.56,	1.957
57.304718,	11.073,	10.405,	308.16,	55.936,	38.617,	306.609,	0.0,	0.0,	0.0,	NaN,	300.119,	0.0,	0.0,	0.0,	NaN,	299.56,	1.957
57.437763,	11.349,	10.637,	308.16,	55.957,	38.833,	306.609,	0.0,	0.0,	0.0,	NaN,	300.119,	0.0,	0.0,	0.0,	NaN,	299.56,	1.957
57.56777,	10.68,	9.97,	308.162,	55.931,	39.042,	306.609,	0.0,	0.0,	0.0,	NaN,	300.119,	0.0,	0.0,	0.0,	NaN,	299.56,	1.958
57.70168,	9.861,	9.18,	308.162,	55.894,	39.028,	306.609,	0.0,	0.0,	0.0,	NaN,	300.115,	0.0,	0.0,	0.0,	NaN,	299.56,	1.957
57.830154,	9.452,	8.817,	308.162,	55.889,	38.793,	306.609,	0.0,	0.0,	0.0,	NaN,	300.119,	0.0,	0.0,	0.0,	NaN,	299.56,	1.957
57.96563,	10.829,	10.188,	308.162,	55.926,	38.593,	306.609,	0.0,	0.0,	0.0,	NaN,	300.122,	0.0,	0.0,	0.0,	NaN,	299.56,	1.958
58.110283,	11.359,	10.65,	308.16,	55.956,	38.785,	306.609,	0.0,	0.0,	0.0,	NaN,	300.119,	0.0,	0.0,	0.0,	NaN,	299.56,	1.957
58.244183,	10.912,	10.186,	308.16,	55.947,	39.01,	306.613,	0.0,	0.0,	0.0,	NaN,	300.119,	0.0,	0.0,	0.0,	NaN,	299.563,	1.958
58.407135,	9.779,	9.105,	308.16,	55.899,	39.0,	306.613,	0.0,	0.0,	0.0,	NaN,	300.122,	0.0,	0.0,	0.0,	NaN,	299.56,	1.957
58.53663,	9.464,	8.835,	308.16,	55.893,	38.738,	306.613,	0.0,	0.0,	0.0,	NaN,	300.119,	0.0,	0.0,	0.0,	NaN,	299.563,	1.957
58.672897,	10.921,	10.27,	308.162,	55.927,	38.592,	306.613,	0.0,	0.0,	0.0,	NaN,	300.119,	0.0,	0.0,	0.0,	NaN,	299.563,	1.957
58.808685,	11.381,	10.67,	308.162,	55.961,	38.794,	306.611,	0.0,	0.0,	0.0,	NaN,	300.119,	0.0,	0.0,	0.0,	NaN,	299.563,	1.964
58.936565,	10.875,	10.153,	308.162,	55.955,	39.018,	306.611,	0.0,	0.0,	0.0,	NaN,	300.119,	0.0,	0.0,	0.0,	NaN,	299.563,	1.964
59.070686,	9.92,	9.236,	308.162,	55.917,	39.033,	306.611,	0.0,	0.0,	0.0,	NaN,	300.122,	0.0,	0.0,	0.0,	NaN,	299.563,	1.964
59.204475,	9.49,	8.852,	308.16,	55.895,	38.792,	306.611,	0.0,	0.0,	0.0,	NaN,	300.119,	0.0,	0.0,	0.0,	NaN,	299.56,	1.965
59.339764,	10.576,	9.969,	308.16,	55.913,	38.585,	306.609,	0.0,	0.0,	0.0,	NaN,	300.119,	0.0,	0.0,	0.0,	NaN,	299.56,	1.965
59.46981,	11.384,	10.678,	308.16,	55.957,	38.746,	306.609,	0.0,	0.0,	0.0,	NaN,	300.115,	0.0,	0.0,	0.0,	NaN,	299.567,	1.964
59.601498,	11.147,	10.413,	308.16,	55.97,	38.982,	306.609,	0.0,	0.0,	0.0,	NaN,	300.115,	0.0,	0.0,	0.0,	NaN,	299.563,	1.964
59.73817,	10.084,	9.39,	308.158,	55.935,	39.051,	306.609,	0.0,	0.0,	0.0,	NaN,	300.115,	0.0,	0.0,	0.0,	NaN,	299.563,	1.964
59.86694,	9.556,	8.907,	308.158,	55.9,	38.851,	306.609,	0.0,	0.0,	0.0,	NaN,	300.119,	0.0,	0.0,	0.0,	NaN,	299.563,	1.965
59.99869,	9.826,	9.033,	308.158,	55.911,	38.596,	306.609,	0.0,	0.0,	0.0,	NaN,	300.115,	0.0,	0.0,	0.0,	NaN,	299.56,	1.964
60.13221,	11.337,	10.645,	308.158,	55.944,	38.674,	306.609,	0.0,	0.0,	0.0,	NaN,	300.119,	0.0,	0.0,	0.0,	NaN,	299.563,	1.965
60.267296,	11.385,	10.663,	308.16,	55.97,	38.906,	306.609,	0.0,	0.0,	0.0,	NaN,	300.115,	0.0,	0.0,	0.0,	NaN,	299.563,	1.965
60.404224,	10.276,	9.576,	308.16,	55.954,	39.058,	306.613,	0.0,	0.0,	0.0,	NaN,	300.115,	0.0,	0.0,	0.0,	NaN,	299.56,	1.964
60.5329,	9.645,	8.986,	308.16,	55.91,	38.901,	306.613,	0.0,	0.0,	0.0,	NaN,	300.115,	0.0,	0.0,	0.0,	NaN,	299.56,	1.964
60.66634,	9.716,	9.107,	308.158,	55.902,	38.633,	306.613,	0.0,	0.0,	0.0,	NaN,	300.115,	0.0,	0.0,	0.0,	NaN,	299.56,	1.965
60.8089,	11.324,	10.637,	308.158,	55.938,	38.655,	306.613,	0.0,	0.0,	0.0,	NaN,	300.115,	0.0,	0.0,	0.0,	NaN,	299.556,	1.965
60.93929,	11.424,	10.704,	308.158,	55.973,	38.883,	306.611,	0.0,	0.0,	0.0,	NaN,	300.115,	0.0,	0.0,	0.0,	NaN,	299.556,	1.965
61.071304,	10.504,	9.795,	308.158,	55.971,	39.054,	306.611,	0.0,	0.0,	0.0,	NaN,	300.115,	0.0,	0.0,	0.0,	NaN,	299.56,	1.965
61.202522,	9.753,	9.083,	308.156,	55.928,	38.949,	306.611,	0.0,	0.0,	0.0,	NaN,	300.115,	0.0,	0.0,	0.0,	NaN,	299.56,	1.964
61.35763,	9.655,	9.033,	308.156,	55.903,	38.647,	306.604,	0.0,	0.0,	0.0,	NaN,	300.115,	0.0,	0.0,	0.0,	NaN,	299.56,	1.965
61.4909,	11.3,	10.617,	308.156,	55.934,	38.636,	306.604,	0.0,	0.0,	0.0,	NaN,	300.115,	0.0,	0.0,	0.0,	NaN,	299.56,	1.965
61.615726,	11.453,	10.735,	308.156,	55.973,	38.866,	306.604,	0.0,	0.0,	0.0,	NaN,	300.115,	0.0,	0.0,	0.0,	NaN,	299.56,	1.965
61.747936,	10.614,	9.901,	308.154,	55.976,	39.049,	306.604,	0.0,	0.0,	0.0,	NaN,	300.119,	0.0,	0.0,	0.0,	NaN,	299.56,	1.965
61.887405,	9.811,	9.136,	308.154,	55.944,	38.971,	306.604,	0.0,	0.0,	0.0,	NaN,	300.119,	0.0,	0.0,	0.0,	NaN,	299.56,	1.965
62.023323,	9.568,	8.937,	308.154,	55.907,	38.701,	306.604,	0.0,	0.0,	0.0,	NaN,	300.119,	0.0,	0.0,	0.0,	NaN,	299.56,	1.965
62.15243,	11.143,	10.476,	308.154,	55.922,	38.605,	306.604,	0.0,	0.0,	0.0,	NaN,	300.119,	0.0,	0.0,	0.0,	NaN,	299.556,	1.965
62.289787,	11.475,	10.76,	308.152,	55.964,	38.817,	306.604,	0.0,	0.0,	0.0,	NaN,	300.119,	0.0,	0.0,	0.0,	NaN,	299.56,	1.976
62.424454,	10.852,	10.134,	308.152,	55.986,	39.031,	306.609,	0.0,	0.0,	0.0,	NaN,	300.119,	0.0,	0.0,	0.0,	NaN,	299.56,	1.976
62.554466,	9.939,	9.253,	308.152,	55.962,	39.009,	306.609,	0.0,	0.0,	0.0,	NaN,	300.119,	0.0,	0.0,	0.0,	NaN,	299.56,	1.976
62.689137,	9.561,	8.92,	308.152,	55.919,	38.76,	306.609,	0.0,	0.0,	0.0,	NaN,	300.119,	0.0,	0.0,	0.0,	NaN,	299.56,	1.976
62.819492,	10.628,	10.02,	308.149,	55.918,	38.586,	306.609,	0.0,	0.0,	0.0,	NaN,	300.119,	0.0,	0.0,	0.0,	NaN,	299.56,	1.976
62.94441,	11.467,	10.76,	308.149,	55.952,	38.742,	306.609,	0.0,	0.0,	0.0,	NaN,	300.119,	0.0,	0.0,	0.0,	NaN,	299.563,	1.976
63.077126,	11.249,	10.511,	308.149,	55.986,	38.974,	306.609,	0.0,	0.0,	0.0,	NaN,	300.119,	0.0,	0.0,	0.0,	NaN,	299.56,	1.976
63.233795,	10.09,	9.394,	308.149,	55.979,	39.037,	306.609,	0.0,	0.0,	0.0,	NaN,	300.122,	0.0,	0.0,	0.0,	NaN,	299.56,	1.976
63.363667,	9.607,	8.957,	308.147,	55.938,	38.819,	306.609,	0.0,	0.0,	0.0,	NaN,	300.122,	0.0,	0.0,	0.0,	NaN,	299.56,	1.976
63.49497,	9.877,	9.871,	308.147,	55.918,	38.59,	306.609,	0.0,	0.0,	0.0,	NaN,	300.119,	0.0,	0.0,	0.0,	NaN,	299.563,	1.976
63.62844,	11.469,	10.765,	308.147,	55.936,	38.727,	306.609,	0.0,	0.0,	0.0,	NaN,	300.122,	0.0,	0.0,	0.0,	NaN,	299.563,	1.976
63.77356,	11.207,	10.468,	308.149,	55.988,	38.989,	306.609,	0.0,	0.0,	0.0,	NaN,	300.119,	0.0,	0.0,	0.0,	NaN,	299.567,	1.976
63.914253,	10.163,	9.463,	308.149,	55.989,	39.048,	306.609,	0.0,	0.0,	0.0,	NaN,	300.119,	0.0,	0.0,	0.0,	NaN,	299.563,	1.98
64.05073,	9.609,	8.96,	308.149,	55.944,	38.806,	306.609,	0.0,	0.0,	0.0,	NaN,	300.119,	0.0,	0.0,	0.0,	NaN,	299.563,	1.98
64.18403,	10.583,	9.979,	308.149,	55.923,	38.586,	306.609,	0.0,	0.0,	0.0,	NaN,	300.122,	0.0,	0.0,	0.0,	NaN,	299.563,	1.98
64.31685,	11.49,	10.784,	308.147,	55.946,	38.739,	306.609,	0.0,	0.0,	0.0,	NaN,	300.122,	0.0,	0.0,	0.0,	NaN,	299.567,	1.98
64.45,	11.311,	10.574,	308.147,	55.989,	38.974,	306.609,	0.0,	0.0,	0.0,	NaN,	300.122,	0.0,	0.0,	0.0,	NaN,	299.563,	1.98
64.587975,	10.238,	9.535,	308.147,	55.999,	39.055,	306.609,	0.0,	0.0,	0.0,	NaN,	300.122,	0.0,	0.0,	0.0,	NaN,	299.56,	1.98
64.719635,	9.678,	9.02,	308.147,	55.963,	38.862,	306.609,	0.0,	0.0,	0.0,	NaN,	300.122,	0.0,	0.0,	0.0,	NaN,	299.563,	1.98
64.84897,	9.848,	9.24,	308.149,	55.929,	38.609,	306.609,	0.0,	0.0,	0.0,	NaN,	300.122,	0.0,	0.0,	0.0,	NaN,	299.56,	1.98
64.98181,	11.466,	10.768,	308.149,	55.936,	38.691,	306.609,	0.0,	0.0,	0.0,	NaN,	300.122,	0.0,	0.0,	0.0,	NaN,	299.56,	1.98
65.12597,	11.466,	10.74,	308.149,	55.978,	38.935,	306.609,	0.0,	0.0,	0.0,	NaN,	300.122,	0.0,	0.0,	0.0,	NaN,	299.563,	1.98
65.25797,	10.43,	9.722,	308.149,	56.004,	39.067,	306.609,	0.0,	0.0,	0.0,	NaN,	300.119,	0.0,	0.0,	0.0,	NaN,	299.56,	1.98
65.38887,	9.77,	9.101,	308.147,	55.99,	38.921,	306.609,	0.0,	0.0,	0.0,	NaN,	300.122,	0.0,	0.0,	0.0,	NaN,	299.56,	1.98
65.52105,	9.763,	9.141,	308.147,	55.943,	38.648,	306.609,	0.0,	0.0,	0.0,	NaN,	300.122,	0.0,	0.0,	0.0,	NaN,	299.56,	1.98
65.65244,	11.401,	10.714,	308.147,	55.938,	38.657,	306.609,	0.0,	0.0,	0.0,	NaN,	300.122,	0.0,	0.0,	0.0,	NaN,	299.556,	1.994
65.78987,	11.538,	10.817,	308.147,	55.966,	38.885,	306.609,	0.0,	0.0,	0.0,	NaN,	300.122,	0.0,	0.0,	0.0,	NaN,	299.56,	1.994
65.917435,	10.809,	10.092,	308.149,	55.997,	39.051,	306.609,	0.0,	0.0,	0.0,	NaN,	300.122,	0.0,	0.0,	0.0,	NaN,	299.556,	1.994
66.04262,	9.949,	9.263,	308.149,	56.002,	38.998,	306.609,	0.0,	0.0,	0.0,	NaN,	300.122,	0.0,	0.0,	0.0,	NaN,	299.56,	1.994
66.16795,	9.628,	8.982,	308.149,	55.969,	38.77,	306.609,	0.0,	0.0,	0.0,	NaN,	300.119,	0.0,	0.0,	0.0,	NaN,	299.556,	1.994
66.29535,	10.912,	10.276,	308.149,	55.937,	38.593,	306.609,	0.0,	0.0,	0.0,	NaN,	300.119,	0.0,	0.0,	0.0,	NaN,	299.556,	1.994
66.43142,	11.546,	10.835,	308.147,	55.948,	38.778,	306.609,	0.0,	0.0,	0.0,	NaN,	300.119,	0.0,	0.0,	0.0,	NaN,	299.556,	1.994
66.55878,	11.174,	10.437,	308.147,	55.988,	39.007,	306.604,	0.0,	0.0,	0.0,	NaN,	300.119,	0.0,	0.0,	0.0,	NaN,	299.556,	1.994
66.69079,	10.169,	9.468,	308.147,	56.011,	39.049,	306.604,	0.0,	0.0,	0.0,	NaN,	300.119,	0.0,	0.0,	0.0,	NaN,	299.556,	1.994
66.82013,	9.675,	9.019,	308.147,	55.99,	38.832,	306.604,	0.0,	0.0,	0.0,	NaN,	300.122,	0.0,	0.0,	0.0,	NaN,	299.556,	1.994
66.95005,	9.915,	9.903,	308.145,	55.947,	38.597,	306.604,	0.0,	0.0,	0.0,	NaN,	300.119,	0.0,	0.0,	0.0,	NaN,	299.556,	1.994
67.08754,	11.533,	10.828,	308.145,	55.942,	38.73,	306.604,	0.0,	0.0,	0.0,	NaN,	300.119,	0.0,	0.0,	0.0,	NaN,	299.556,	1.994
67.21939,	11.419,	10.683,	308.145,	55.978,	38.974,	306.604,	0.0,	0.0,	0.0,	NaN,	300.115,	0.0,	0.0,	0.0,	NaN,	299.556,	1.994
67.3544,	10.341,	9.634,	308.145,	56.011,	39.067,	306.604,	0.0,	0.0,	0.0,	NaN,	300.115,	0.0,	0.0,	0.0,	NaN,	299.556,	2.007
67.48069,	9.802,	9.13,	308.143,	56.009,	38.925,	306.604,	0.0,	0.0,	0.0,	NaN,	300.115,	0.0,	0.0,	0.0,	NaN,	299.556,	2.007
67.6165,	9.818,	9.197,	308.143,	55.97,	38.659,	306.604,	0.0,	0.0,	0.0,	NaN,	300.119,	0.0,	0.0,	0.0,	NaN,	299.56,	2.007
67.74923,	11.498,	10.802,	308.143,	55.945,	38.692,	306.604,	0.0,	0.0,	0.0,	NaN,	300.119,	0.0,	0.0,	0.0,	NaN,	299.556,	2.007
67.88405,	11.54,	10.813,	308.141,	55.968,	38.931,	306.604,	0.0,	0.0,	0.0,	NaN,	300.115,	0.0,	0.0,	0.0,	NaN,	299.56,	2.008
68.016556,	10.68,	9.963,	308.141,	56.003,	39.072,	306.604,	0.0,	0.0,	0.0,	NaN,	300.115,	0.0,	0.0,	0.0,	NaN,	299.556,	2.007
68.141106,	9.911,	9.228,	308.141,	56.017,	38.97,	306.604,	0.0,	0.0,	0.0,	NaN,	300.119,	0.0,	0.0,	0.0,	NaN,	299.556,	2.007
68.27343,	9.7,	9.062,	308.141,	55.989,	38.705,	306.604,	0.0,	0.0,	0.0,	NaN,	300.115,	0.0,	0.0,	0.0,	NaN,	299.56,	2.007
68.39746,	11.312,	10.638,	308.143,	55.95,	38.635,	306.604,	0.0,	0.0,	0.0,	NaN,	300.119,	0.0,	0.0,	0.0,	NaN,	299.556,	2.007
68.533966,	11.598,	10.88,	308.143,	55.956,	38.857,	306.604,	0.0,	0.0,	0.0,	NaN,	300.119,	0.0,	0.0,	0.0,	NaN,	299.556,	2.007
68.67443,	10.924,	10.204,	308.143,	55.994,	39.06,	306.604,	0.0,	0.0,	0.0,	NaN,	300.119,	0.0,	0.0,	0.0,	NaN,	299.553,	2.007
68.806046,	10.034,	9.341,	308.143,	56.02,	39.021,	306.604,	0.0,	0.0,	0.0,	NaN,	300.119,	0.0,	0.0,	0.0,	NaN,	299.553,	2.007
68.94289,	9.672,	9.024,	308.141,	56.006,	38.763,	306.604,	0.0,	0.0,	0.0,	NaN,	300.119,	0.0,	0.0,	0.0,	NaN,	299.553,	2.007
69.08013,	11.069,	10.42,	308.141,	55.962,	38.611,	306.604,	0.0,	0.0,	0.0,	NaN,	300.122,	0.0,	0.0,	0.0,	NaN,	299.553,	2.013
69.210304,	11.601,	10.887,	308.141,	55.953,	38.811,	306.6,	0.0,	0.0,	0.0,	NaN,	300.122,	0.0,	0.0,	0.0,	NaN,	299.553,	2.013
69.33841,	11.142,	10.407,	308.141,	55.982,	39.035,	306.6,	0.0,	0.0,	0.0,	NaN,	300.122,	0.0,	0.0,	0.0,	NaN,	299.553,	2.013
69.465965,	10.176,	9.474,	308.147,	56.016,	39.053,	306.6,	0.0,	0.0,	0.0,	NaN,	300.119,	0.0,	0.0,	0.0,	NaN,	299.549,	2.014
69.610374,	9.708,	9.051,	308.147,	56.018,	38.826,	306.6,	0.0,	0.0,	0.0,	NaN,	300.119,	0.0,	0.0,	0.0,	NaN,	299.549,	2.013
69.74428,	10.693,	10.083,	308.147,	55.981,	38.608,	306.6,	0.0,	0.0,	0.0,	NaN,	300.119,	0.0,	0.0,	0.0,	NaN,	299.553,	2.013
69.872574,	11.592,	10.884,	308.147,	55.952,	38.765,	306.6,	0.0,	0.0,	0.0,	NaN,	300.119,	0.0,	0.0,	0.0,	NaN,	299.549,	2.013
70.00001,	11.513,	10.78,	308.145,	55.967,	38.974,	306.6,	0.0,	0.0,	0.0,	NaN,	300.119,	0.0,	0.0,	0.0,	NaN,	299.549,	2.014
70.12767,	10.443,	9.732,	308.145,	56.011,	39.085,	306.596,	0.0,	0.0,	0.0,	NaN,	300.122,	0.0,	0.0,	0.0,	NaN,	299.549,	2.014
70.25747,	9.823,	9.15,	308.145,	56.027,	38.914,	306.596,	0.0,	0.0,	0.0,	NaN,	300.119,	0.0,	0.0,	0.0,	NaN,	299.549,	2.013
70.389114,	9.953,	9.34,	308.145,	56.006,	38.65,	306.596,	0.0,	0.0,	0.0,	NaN,	300.119,	0.0,	0.0,	0.0,	NaN,	299.553,	2.013
70.518295,	11.517,	10.824,	308.147,	55.965,	38.698,	306.596,	0.0,	0.0,	0.0,	NaN,	300.119,	0.0,	0.0,	0.0,	NaN,	299.553,	2.013
70.65378,	11.604,	10.878,	308.147,	55.962,	38.929,	306.596,	0.0,	0.0,	0.0,	NaN,	300.119,	0.0,	0.0,	0.0,	NaN,	299.553,	2.013
70.78358,	10.653,	9.936,	308.147,	55.997,	39.088,	306.596,	0.0,	0.0,	0.0,	NaN,	300.122,	0.0,	0.0,	0.0,	NaN,	299.549,	2.03
70.91366,	9.924,	9.241,	308.147,	56.027,	38.971,	306.596,	0.0,	0.0,	0.0,	NaN,	300.119,	0.0,	0.0,	0.0,	NaN,	299.549,	2.03
71.04879,	9.721,	9.077,	308.149,	56.025,	38.734,	306.596,	0.0,	0.0,	0.0,	NaN,	300.122,	0.0,	0.0,	0.0,	NaN,	299.553,	2.03
71.17809,	11.281,	10.611,	308.149,	55.986,	38.639,	306.6,	0.0,	0.0,	0.0,	NaN,	300.119,	0.0,	0.0,	0.0,	NaN,	299.553,	2.03
71.311966,	11.637,	10.919,	308.149,	55.961,	38.854,	306.6,	0.0,	0.0,	0.0,	NaN,	300.122,	0.0,	0.0,	0.0,	NaN,	299.553,	2.03
71.45186,	10.895,	10.173,	308.149,	55.988,	39.081,	306.6,	0.0,	0.0,	0.0,	NaN,	300.122,	0.0,	0.0,	0.0,	NaN,	299.553,	2.03
71.583694,	10.038,	9.345,	308.152,	56.024,	39.022,	306.6,	0.0,	0.0,	0.0,	NaN,	300.122,	0.0,	0.0,	0.0,	NaN,	299.553,	2.03
71.71388,	9.714,	9.066,	308.152,	56.03,	38.761,	306.596,	0.0,	0.0,	0.0,	NaN,	300.122,	0.0,	0.0,	0.0,	NaN,	299.553,	2.03
71.8505,	11.194,	10.532,	308.152,	55.999,	38.635,	306.596,	0.0,	0.0,	0.0,	NaN,	300.122,	0.0,	0.0,	0.0,	NaN,	299.553,	2.03
71.99257,	11.641,	10.924,	308.152,	55.965,	38.845,	306.596,	0.0,	0.0,	0.0,	NaN,	300.122,	0.0,	0.0,	0.0,	NaN,	299.556,	2.03
72.12672,	11.108,	10.378,	308.149,	55.977,	39.06,	306.596,	0.0,	0.0,	0.0,	NaN,	300.119,	0.0,	0.0,	0.0,	NaN,	299.556,	2.03
72.270874,	10.093,	9.396,	308.149,	56.023,	39.044,	306.596,	0.0,	0.0,	0.0,	NaN,	300.122,	0.0,	0.0,	0.0,	NaN,	299.553,	2.03
72.401474,	9.719,	9.067,	308.149,	56.039,	38.784,	306.596,	0.0,	0.0,	0.0,	NaN,	300.119,	0.0,	0.0,	0.0,	NaN,	299.556,	2.03
72.53752,	11.094,	10.445,	308.152,	56.01,	38.634,	306.596,	0.0,	0.0,	0.0,	NaN,	300.119,	0.0,	0.0,	0.0,	NaN,	299.556,	2.019
72.67289,	11.646,	10.931,	308.152,	55.97,	38.824,	306.596,	0.0,	0.0,	0.0,	NaN,	300.122,	0.0,	0.0,	0.0,	NaN,	299.556,	2.019
72.798706,	11.202,	10.466,	308.152,	55.976,	39.054,	306.596,	0.0,	0.0,	0.0,	NaN,	300.122,	0.0,	0.0,	0.0,	NaN,	299.556,	2.02
72.92885,	10.324,	9.614,	308.152,	56.01,	39.091,	306.596,	0.0,	0.0,	0.0,	NaN,	300.122,	0.0,	0.0,	0.0,	NaN,	299.556,	2.019
73.0734,	9.755,	9.094,	308.149,	56.043,	38.853,	306.596,	0.0,	0.0,	0.0,	NaN,	300.119,	0.0,	0.0,	0.0,	NaN,	299.56,	2.019
73.23117,	10.957,	10.323,	308.149,	56.022,	38.636,	306.596,	0.0,	0.0,	0.0,	NaN,	300.122,	0.0,	0.0,	0.0,	NaN,	299.56,	2.019
73.36475,	11.656,	10.94,	308.149,	55.976,	38.844,	306.596,	0.0,	0.0,	0.0,	NaN,	300.122,	0.0,	0.0,	0.0,	NaN,	299.556,	2.019
73.499855,	11.155,	10.422,	308.149,	55.977,	39.069,	306.596,	0.0,	0.0,	0.0,	NaN,	300.122,	0.0,	0.0,	0.0,	NaN,	299.56,	2.019
73.63102,	10.296,	9.587,	308.152,	56.007,	39.092,	306.596,	0.0,	0.0,	0.0,	NaN,	300.122,	0.0,	0.0,	0.0,	NaN,	299.556,	2.02
73.76372,	9.752,	9.093,	308.152,	56.044,	38.841,	306.596,	0.0,	0.0,	0.0,	NaN,	300.122,	0.0,	0.0,	0.0,	NaN,	299.56,	2.019
73.908646,	10.812,	10.194,	308.152,	56.033,	38.636,	306.596,	0.0,	0.0,	0.0,	NaN,	300.126,	0.0,	0.0,	0.0,	NaN,	299.56,	2.019
74.03865,	11.644,	10.933,	308.152,	55.991,	38.8,	306.596,	0.0,	0.0,	0.0,	NaN,	300.126,	0.0,	0.0,	0.0,	NaN,	299.56,	2.019
74.16655,	11.538,	10.8,	308.149,	55.975,	39.01,	306.596,	0.0,	0.0,	0.0,	NaN,	300.126,	0.0,	0.0,	0.0,	NaN,	299.56,	2.019
74.29467,	10.363,	9.652,	308.149,	55.997,	39.101,	306.591,	0.0,	0.0,	0.0,	NaN,	300.126,	0.0,	0.0,	0.0,	NaN,	299.56,	2.045
74.42873,	9.814,	9.144,	308.149,	56.038,	38.904,	306.591,	0.0,	0.0,	0.0,	NaN,	300.129,	0.0,	0.0,	0.0,	NaN,	299.56,	2.044
74.5634,	9.887,	9.255,	308.149,	56.043,	38.655,	306.591,	0.0,	0.0,	0.0,	NaN,	300.129,	0.0,	0.0,	0.0,	NaN,	299.563,	2.045
74.698654,	11.579,	10.882,	308.152,	56.016,	38.739,	306.591,	0.0,	0.0,	0.0,	NaN,	300.126,	0.0,	0.0,	0.0,	NaN,	299.563,	2.045
74.82899,	11.596,	10.863,	308.152,	55.978,	39.001,	306.591,	0.0,	0.0,	0.0,	NaN,	300.129,	0.0,	0.0,	0.0,	NaN,	299.563,	2.045
74.96371,	10.667,	9.948,	308.152,	55.987,	39.119,	306.591,	0.0,	0.0,	0.0,	NaN,	300.126,	0.0,	0.0,	0.0,	NaN,	299.56,	2.045
75.0949,	9.958,	9.273,	308.152,	56.027,	38.997,	306.591,	0.0,	0.0,	0.0,	NaN,	300.126,	0.0,	0.0,	0.0,	NaN,	299.563,	2.045
75.22789,	9.838,	9.197,	308.154,	56.05,	38.723,	306.591,	0.0,	0.0,	0.0,	NaN,	300.129,	0.0,	0.0,	0.0,	NaN,	299.56,	2.045
75.35596,	11.48,	10.795,	308.154,	56.033,	38.7,	306.591,	0.0,	0.0,	0.0,	NaN,	300.126,	0.0,	0.0,	0.0,	NaN,	299.56,	2.045
75.49039,	11.689,	10.966,	308.154,	55.991,	38.928,	306.591,	0.0,	0.0,	0.0,	NaN,	300.126,	0.0,	0.0,	0.0,	NaN,	299.56,	2.045
75.62211,	10.903,	10.18,	308.154,	55.983,	39.118,	306.591,	0.0,	0.0,	0.0,	NaN,	300.126,	0.0,	0.0,	0.0,	NaN,	299.56,	2.045
75.74908,	10.071,	9.376,	308.152,	56.017,	39.047,	306.591,	0.0,	0.0,	0.0,	NaN,	300.126,	0.0,	0.0,	0.0,	NaN,	299.56,	2.045
75.880104,	9.768,	9.118,	308.152,	56.05,	38.785,	306.591,	0.0,	0.0,	0.0,	NaN,	300.126,	0.0,	0.0,	0.0,	NaN,	299.56,	2.045
76.01624,	11.113,	10.463,	308.152,	56.05,	38.657,	306.591,	0.0,	0.0,	0.0,	NaN,	300.129,	0.0,	0.0,	0.0,	NaN,	299.56,	2.031
76.14607,	11.684,	10.968,	308.152,	56.012,	38.852,	306.591,	0.0,	0.0,	0.0,	NaN,	300.129,	0.0,	0.0,	0.0,	NaN,	299.56,	2.031
76.27626,	11.253,	10.514,	308.149,	55.981,	39.08,	306.591,	0.0,	0.0,	0.0,	NaN,	300.129,	0.0,	0.0,	0.0,	NaN,	299.56,	2.031
76.40443,	10.281,	9.572,	308.149,	56.001,	39.107,	306.591,	0.0,	0.0,	0.0,	NaN,	300.129,	0.0,	0.0,	0.0,	NaN,	299.563,	2.031
76.53856,	9.797,	9.132,	308.149,	56.038,	38.875,	306.591,	0.0,	0.0,	0.0,	NaN,	300.126,	0.0,	0.0,	0.0,	NaN,	299.563,	2.031
76.66354,	10.715,	10.101,	308.147,	56.057,	38.661,	306.591,	0.0,	0.0,	0.0,	NaN,	300.126,	0.0,	0.0,	0.0,	NaN,	299.56,	2.031
76.80105,	11.664,	10.955,	308.147,	56.033,	38.812,	306.591,	0.0,	0.0,	0.0,	NaN,	300.129,	0.0,	0.0,	0.0,	NaN,	299.56,	2.031
76.93462,	11.507,	10.764,	308.147,	55.994,	39.05,	306.591,	0.0,	0.0,	0.0,	NaN,	300.126,	0.0,	0.0,	0.0,	NaN,	299.56,	2.031
77.07429,	10.441,	9.726,	308.147,	55.992,	39.132,	306.591,	0.0,	0.0,	0.0,	NaN,	300.129,	0.0,	0.0,	0.0,	NaN,	299.56,	2.031
77.214,	9.863,	9.189,	308.149,	56.029,	38.94,	306.591,	0.0,	0.0,	0.0,	NaN,	300.126,	0.0,	0.0,	0.0,	NaN,	299.556,	2.031
77.34215,	9.999,	9.379,	308.149,	56.058,	38.689,	306.591,	0.0,	0.0,	0.0,	NaN,	300.126,	0.0,	0.0,	0.0,	NaN,	299.556,	2.031
77.499016,	11.679,	10.967,	308.149,	56.04,	38.835,	306.591,	0.0,	0.0,	0.0,	NaN,	300.129,	0.0,	0.0,	0.0,	NaN,	299.556,	2.031
77.64141,	11.458,	10.713,	308.149,	55.997,	39.065,	306.591,	0.0,	0.0,	0.0,	NaN,	300.129,	0.0,	0.0,	0.0,	NaN,	299.553,	2.052
77.773735,	10.409,	9.695,	308.152,	55.994,	39.133,	306.591,	0.0,	0.0,	0.0,	NaN,	300.129,	0.0,	0.0,	0.0,	NaN,	299.553,	2.053
77.90718,	9.855,	9.182,	308.152,	56.03,	38.937,	306.591,	0.0,	0.0,	0.0,	NaN,	300.129,	0.0,	0.0,	0.0,	NaN,	299.553,	2.052
78.0379,	10.091,	9.28,	308.152,	56.063,	38.685,	306.591,	0.0,	0.0,	0.0,	NaN,	300.133,	0.0,	0.0,	0.0,	NaN,	299.553,	2.052
78.173805,	11.648,	10.945,	308.152,	56.054,	38.789,	306.591,	0.0,	0.0,	0.0,	NaN,	300.133,	0.0,	0.0,	0.0,	NaN,	299.556,	2.053
78.30429,	11.636,	10.902,	308.149,	56.012,	39.029,	306.591,	0.0,	0.0,	0.0,	NaN,	300.133,	0.0,	0.0,	0.0,	NaN,	299.556,	2.052
78.43157,	10.588,	9.869,	308.149,	55.994,	39.148,	306.591,	0.0,	0.0,	0.0,	NaN,	300.133,	0.0,	0.0,	0.0,	NaN,	299.556,	2.052
78.56177,	9.999,	9.311,	308.149,	56.014,	39.028,	306.591,	0.0,	0.0,	0.0,	NaN,	300.129,	0.0,	0.0,	0.0,	NaN,	299.553,	2.052
78.69118,	9.868,	9.224,	308.149,	56.054,	38.759,	306.591,	0.0,	0.0,	0.0,	NaN,	300.129,	0.0,	0.0,	0.0,	NaN,	299.553,	2.052
78.83739,	11.583,	10.89,	308.152,	56.066,	38.758,	306.591,	0.0,	0.0,	0.0,	NaN,	300.133,	0.0,	0.0,	0.0,	NaN,	299.553,	2.052
78.96749,	11.71,	10.983,	308.152,	56.03,	38.991,	306.596,	0.0,	0.0,	0.0,	NaN,	300.129,	0.0,	0.0,	0.0,	NaN,	299.553,	2.052
79.1037,	10.8,	10.076,	308.152,	55.996,	39.153,	306.596,	0.0,	0.0,	0.0,	NaN,	300.129,	0.0,	0.0,	0.0,	NaN,	299.553,	2.052
79.24358,	9.983,	9.296,	308.149,	56.012,	39.025,	306.596,	0.0,	0.0,	0.0,	NaN,	300.126,	0.0,	0.0,	0.0,	NaN,	299.553,	2.052
79.40561,	10.055,	9.265,	308.149,	56.058,	38.728,	306.596,	0.0,	0.0,	0.0,	NaN,	300.126,	0.0,	0.0,	0.0,	NaN,	299.553,	2.034
79.53934,	11.611,	10.915,	308.149,	56.069,	38.775,	306.591,	0.0,	0.0,	0.0,	NaN,	300.126,	0.0,	0.0,	0.0,	NaN,	299.553,	2.034
79.67169,	11.705,	10.976,	308.149,	56.037,	39.006,	306.591,	0.0,	0.0,	0.0,	NaN,	300.122,	0.0,	0.0,	0.0,	NaN,	299.553,	2.034
79.80413,	10.753,	10.03,	308.147,	56.0,	39.162,	306.591,	0.0,	0.0,	0.0,	NaN,	300.126,	0.0,	0.0,	0.0,	NaN,	299.553,	2.034
79.92997,	10.026,	9.334,	308.147,	56.008,	39.05,	306.596,	0.0,	0.0,	0.0,	NaN,	300.122,	0.0,	0.0,	0.0,	NaN,	299.553,	2.034
80.06564,	9.865,	9.219,	308.147,	56.046,	38.775,	306.596,	0.0,	0.0,	0.0,	NaN,	300.122,	0.0,	0.0,	0.0,	NaN,	299.553,	2.034
80.19881,	11.491,	10.807,	308.147,	56.073,	38.742,	306.596,	0.0,	0.0,	0.0,	NaN,	300.122,	0.0,	0.0,	0.0,	NaN,	299.553,	2.034
80.328804,	11.736,	11.013,	308.149,	56.054,	38.965,	306.596,	0.0,	0.0,	0.0,	NaN,	300.122,	0.0,	0.0,	0.0,	NaN,	299.553,	2.034
80.464554,	10.988,	10.262,	308.149,	56.01,	39.155,	306.596,	0.0,	0.0,	0.0,	NaN,	300.122,	0.0,	0.0,	0.0,	NaN,	299.553,	2.035
80.60058,	10.138,	9.437,	308.149,	56.005,	39.101,	306.596,	0.0,	0.0,	0.0,	NaN,	300.122,	0.0,	0.0,	0.0,	NaN,	299.549,	2.034
80.74005,	9.806,	9.151,	308.149,	56.035,	38.833,	306.596,	0.0,	0.0,	0.0,	NaN,	300.122,	0.0,	0.0,	0.0,	NaN,	299.549,	2.034
80.86937,	11.284,	10.618,	308.147,	56.071,	38.718,	306.596,	0.0,	0.0,	0.0,	NaN,	300.119,	0.0,	0.0,	0.0,	NaN,	299.549,	2.034
80.99718,	11.733,	11.015,	308.147,	56.071,	38.923,	306.596,	0.0,	0.0,	0.0,	NaN,	300.119,	0.0,	0.0,	0.0,	NaN,	299.549,	2.034
81.128494,	11.198,	10.464,	308.147,	56.027,	39.141,	306.596,	0.0,	0.0,	0.0,	NaN,	300.119,	0.0,	0.0,	0.0,	NaN,	299.549,	2.04
81.2621,	10.268,	9.558,	308.147,	56.005,	39.142,	306.596,	0.0,	0.0,	0.0,	NaN,	300.119,	0.0,	0.0,	0.0,	NaN,	299.549,	2.04
81.39604,	9.82,	9.156,	308.145,	56.024,	38.9,	306.596,	0.0,	0.0,	0.0,	NaN,	300.115,	0.0,	0.0,	0.0,	NaN,	299.549,	2.04
81.54398,	10.946,	10.316,	308.145,	56.063,	38.711,	306.591,	0.0,	0.0,	0.0,	NaN,	300.115,	0.0,	0.0,	0.0,	NaN,	299.549,	2.04
81.674225,	11.719,	11.006,	308.145,	56.077,	38.886,	306.591,	0.0,	0.0,	0.0,	NaN,	300.115,	0.0,	0.0,	0.0,	NaN,	299.546,	2.04
81.80194,	11.441,	10.695,	308.145,	56.046,	39.114,	306.591,	0.0,	0.0,	0.0,	NaN,	300.115,	0.0,	0.0,	0.0,	NaN,	299.549,	2.04
81.9303,	10.415,	9.699,	308.147,	56.01,	39.171,	306.591,	0.0,	0.0,	0.0,	NaN,	300.115,	0.0,	0.0,	0.0,	NaN,	299.549,	2.04
82.06187,	9.921,	9.241,	308.147,	56.015,	39.003,	306.591,	0.0,	0.0,	0.0,	NaN,	300.115,	0.0,	0.0,	0.0,	NaN,	299.549,	2.04
82.19672,	9.994,	9.364,	308.147,	56.057,	38.727,	306.591,	0.0,	0.0,	0.0,	NaN,	300.115,	0.0,	0.0,	0.0,	NaN,	299.549,	2.04
82.3314,	11.693,	10.987,	308.147,	56.082,	38.846,	306.591,	0.0,	0.0,	0.0,	NaN,	300.115,	0.0,	0.0,	0.0,	NaN,	299.549,	2.04
82.464005,	11.707,	10.975,	308.145,	56.069,	39.052,	306.591,	0.0,	0.0,	0.0,	NaN,	300.115,	0.0,	0.0,	0.0,	NaN,	299.549,	2.04
82.59095,	10.707,	9.985,	308.145,	56.026,	39.192,	306.591,	0.0,	0.0,	0.0,	NaN,	300.115,	0.0,	0.0,	0.0,	NaN,	299.549,	2.04
82.72119,	10.019,	9.329,	308.145,	56.01,	39.06,	306.591,	0.0,	0.0,	0.0,	NaN,	300.112,	0.0,	0.0,	0.0,	NaN,	299.549,	2.04
82.84961,	9.929,	9.286,	308.145,	56.037,	38.792,	306.591,	0.0,	0.0,	0.0,	NaN,	300.115,	0.0,	0.0,	0.0,	NaN,	299.549,	2.023
82.98388,	11.571,	10.882,	308.143,	56.075,	38.779,	306.591,	0.0,	0.0,	0.0,	NaN,	300.115,	0.0,	0.0,	0.0,	NaN,	299.549,	2.024
83.119484,	11.761,	11.035,	308.143,	56.08,	39.012,	306.591,	0.0,	0.0,	0.0,	NaN,	300.115,	0.0,	0.0,	0.0,	NaN,	299.549,	2.023
83.247734,	10.937,	10.21,	308.143,	56.043,	39.193,	306.591,	0.0,	0.0,	0.0,	NaN,	300.119,	0.0,	0.0,	0.0,	NaN,	299.549,	2.024
83.38387,	10.13,	9.43,	308.141,	56.012,	39.113,	306.591,	0.0,	0.0,	0.0,	NaN,	300.115,	0.0,	0.0,	0.0,	NaN,	299.549,	2.023
83.51062,	9.829,	9.17,	308.141,	56.023,	38.881,	306.591,	0.0,	0.0,	0.0,	NaN,	300.119,	0.0,	0.0,	0.0,	NaN,	299.549,	2.024
83.642525,	11.385,	10.712,	308.141,	56.068,	38.752,	306.591,	0.0,	0.0,	0.0,	NaN,	300.119,	0.0,	0.0,	0.0,	NaN,	299.549,	2.023
83.78048,	11.763,	11.042,	308.141,	56.085,	38.969,	306.591,	0.0,	0.0,	0.0,	NaN,	300.115,	0.0,	0.0,	0.0,	NaN,	299.549,	2.024
83.919846,	11.16,	10.43,	308.139,	56.062,	39.181,	306.591,	0.0,	0.0,	0.0,	NaN,	300.119,	0.0,	0.0,	0.0,	NaN,	299.549,	2.024
84.05087,	10.253,	9.544,	308.139,	56.021,	39.159,	306.591,	0.0,	0.0,	0.0,	NaN,	300.119,	0.0,	0.0,	0.0,	NaN,	299.549,	2.023
84.179054,	9.856,	9.188,	308.139,	56.017,	38.944,	306.591,	0.0,	0.0,	0.0,	NaN,	300.115,	0.0,	0.0,	0.0,	NaN,	299.553,	2.024
84.30908,	10.843,	10.223,	308.139,	56.05,	38.742,	306.591,	0.0,	0.0,	0.0,	NaN,	300.119,	0.0,	0.0,	0.0,	NaN,	299.553,	2.023
84.45265,	11.75,	11.034,	308.136,	56.085,	38.931,	306.591,	0.0,	0.0,	0.0,	NaN,	300.115,	0.0,	0.0,	0.0,	NaN,	299.549,	2.023
84.57977,	11.38,	10.636,	308.136,	56.077,	39.158,	306.591,	0.0,	0.0,	0.0,	NaN,	300.119,	0.0,	0.0,	0.0,	NaN,	299.549,	2.023
84.71106,	10.486,	9.767,	308.136,	56.039,	39.205,	306.591,	0.0,	0.0,	0.0,	NaN,	300.115,	0.0,	0.0,	0.0,	NaN,	299.549,	2.022
84.83858,	9.922,	9.243,	308.136,	56.019,	39.011,	306.591,	0.0,	0.0,	0.0,	NaN,	300.119,	0.0,	0.0,	0.0,	NaN,	299.549,	2.023
84.97093,	10.117,	9.316,	308.134,	56.041,	38.766,	306.591,	0.0,	0.0,	0.0,	NaN,	300.119,	0.0,	0.0,	0.0,	NaN,	299.549,	2.022
85.11446,	11.723,	11.014,	308.134,	56.083,	38.893,	306.591,	0.0,	0.0,	0.0,	NaN,	300.119,	0.0,	0.0,	0.0,	NaN,	299.546,	2.022
85.24334,	11.701,	10.967,	308.134,	56.09,	39.097,	306.591,	0.0,	0.0,	0.0,	NaN,	300.119,	0.0,	0.0,	0.0,	NaN,	299.546,	2.023
85.37226,	10.662,	9.94,	308.134,	56.058,	39.223,	306.591,	0.0,	0.0,	0.0,	NaN,	300.119,	0.0,	0.0,	0.0,	NaN,	299.546,	2.022
85.50098,	10.007,	9.319,	308.139,	56.017,	39.071,	306.591,	0.0,	0.0,	0.0,	NaN,	300.122,	0.0,	0.0,	0.0,	NaN,	299.546,	2.023
85.631226,	10.01,	9.376,	308.139,	56.03,	38.806,	306.596,	0.0,	0.0,	0.0,	NaN,	300.119,	0.0,	0.0,	0.0,	NaN,	299.546,	2.023
85.76026,	11.543,	10.857,	308.139,	56.064,	38.806,	306.596,	0.0,	0.0,	0.0,	NaN,	300.119,	0.0,	0.0,	0.0,	NaN,	299.542,	2.022
85.888145,	11.781,	11.057,	308.139,	56.091,	39.027,	306.596,	0.0,	0.0,	0.0,	NaN,	300.119,	0.0,	0.0,	0.0,	NaN,	299.546,	2.023
86.01956,	11.02,	10.292,	308.141,	56.077,	39.216,	306.596,	0.0,	0.0,	0.0,	NaN,	300.119,	0.0,	0.0,	0.0,	NaN,	299.546,	2.022
86.15524,	10.18,	9.476,	308.141,	56.036,	39.16,	306.596,	0.0,	0.0,	0.0,	NaN,	300.119,	0.0,	0.0,	0.0,	NaN,	299.546,	2.023
86.285194,	9.852,	9.194,	308.141,	56.021,	38.896,	306.596,	0.0,	0.0,	0.0,	NaN,	300.115,	0.0,	0.0,	0.0,	NaN,	299.546,	2.006
86.41322,	11.34,	10.671,	308.141,	56.052,	38.782,	306.596,	0.0,	0.0,	0.0,	NaN,	300.115,	0.0,	0.0,	0.0,	NaN,	299.546,	2.006
86.55367,	11.779,	11.06,	308.139,	56.088,	38.989,	306.596,	0.0,	0.0,	0.0,	NaN,	300.112,	0.0,	0.0,	0.0,	NaN,	299.546,	2.006
86.68392,	11.232,	10.498,	308.139,	56.088,	39.201,	306.596,	0.0,	0.0,	0.0,	NaN,	300.115,	0.0,	0.0,	0.0,	NaN,	299.546,	2.006
86.81879,	10.308,	9.595,	308.139,	56.052,	39.196,	306.596,	0.0,	0.0,	0.0,	NaN,	300.115,	0.0,	0.0,	0.0,	NaN,	299.549,	2.006
86.94636,	9.863,	9.195,	308.139,	56.02,	38.958,	306.596,	0.0,	0.0,	0.0,	NaN,	300.112,	0.0,	0.0,	0.0,	NaN,	299.546,	2.006
87.080185,	11.011,	10.376,	308.136,	56.04,	38.774,	306.596,	0.0,	0.0,	0.0,	NaN,	300.112,	0.0,	0.0,	0.0,	NaN,	299.546,	2.006
87.212006,	11.762,	11.047,	308.136,	56.08,	38.953,	306.596,	0.0,	0.0,	0.0,	NaN,	300.112,	0.0,	0.0,	0.0,	NaN,	299.549,	2.006
87.34334,	11.466,	10.718,	308.136,	56.094,	39.178,	306.596,	0.0,	0.0,	0.0,	NaN,	300.112,	0.0,	0.0,	0.0,	NaN,	299.553,	2.007
87.476944,	10.548,	9.827,	308.136,	56.076,	39.241,	306.596,	0.0,	0.0,	0.0,	NaN,	300.112,	0.0,	0.0,	0.0,	NaN,	299.549,	2.006
87.60672,	9.96,	9.278,	308.134,	56.032,	39.062,	306.596,	0.0,	0.0,	0.0,	NaN,	300.112,	0.0,	0.0,	0.0,	NaN,	299.549,	2.006
87.74396,	10.053,	9.422,	308.134,	56.028,	38.786,	306.6,	0.0,	0.0,	0.0,	NaN,	300.112,	0.0,	0.0,	0.0,	NaN,	299.553,	2.006
87.8945,	11.731,	11.022,	308.134,	56.066,	38.913,	306.6,	0.0,	0.0,	0.0,	NaN,	300.112,	0.0,	0.0,	0.0,	NaN,	299.553,	2.006
88.02037,	11.678,	10.937,	308.134,	56.099,	39.144,	306.6,	0.0,	0.0,	0.0,	NaN,	300.112,	0.0,	0.0,	0.0,	NaN,	299.553,	2.001
88.14925,	10.618,	9.895,	308.134,	56.082,	39.251,	306.6,	0.0,	0.0,	0.0,	NaN,	300.112,	0.0,	0.0,	0.0,	NaN,	299.553,	2.001
88.27556,	9.996,	9.308,	308.134,	56.038,	39.085,	306.6,	0.0,	0.0,	0.0,	NaN,	300.112,	0.0,	0.0,	0.0,	NaN,	299.549,	2.001
88.40801,	9.974,	9.329,	308.134,	56.025,	38.854,	306.6,	0.0,	0.0,	0.0,	NaN,	300.108,	0.0,	0.0,	0.0,	NaN,	299.553,	2.001
88.53591,	11.61,	10.918,	308.134,	56.051,	38.854,	306.6,	0.0,	0.0,	0.0,	NaN,	300.108,	0.0,	0.0,	0.0,	NaN,	299.553,	2.001
88.69568,	11.727,	10.992,	308.134,	56.093,	39.138,	306.6,	0.0,	0.0,	0.0,	NaN,	300.112,	0.0,	0.0,	0.0,	NaN,	299.553,	2.001
88.83281,	10.693,	9.969,	308.134,	56.092,	39.262,	306.6,	0.0,	0.0,	0.0,	NaN,	300.108,	0.0,	0.0,	0.0,	NaN,	299.553,	2.001
88.97323,	10.035,	9.344,	308.134,	56.051,	39.116,	306.6,	0.0,	0.0,	0.0,	NaN,	300.108,	0.0,	0.0,	0.0,	NaN,	299.549,	2.001
89.100876,	10.026,	9.389,	308.134,	56.028,	38.852,	306.6,	0.0,	0.0,	0.0,	NaN,	300.108,	0.0,	0.0,	0.0,	NaN,	299.553,	2.001
89.22698,	11.644,	10.95,	308.134,	56.048,	38.866,	306.604,	0.0,	0.0,	0.0,	NaN,	300.112,	0.0,	0.0,	0.0,	NaN,	299.553,	2.001
89.366905,	11.795,	11.066,	308.134,	56.088,	39.099,	306.604,	0.0,	0.0,	0.0,	NaN,	300.105,	0.0,	0.0,	0.0,	NaN,	299.549,	2.001
89.498184,	10.907,	10.179,	308.134,	56.098,	39.266,	306.604,	0.0,	0.0,	0.0,	NaN,	300.108,	0.0,	0.0,	0.0,	NaN,	299.546,	2.001
89.62933,	10.141,	9.44,	308.139,	56.068,	39.168,	306.604,	0.0,	0.0,	0.0,	NaN,	300.105,	0.0,	0.0,	0.0,	NaN,	299.549,	1.982
89.7649,	9.906,	9.25,	308.139,	56.03,	38.905,	306.604,	0.0,	0.0,	0.0,	NaN,	300.105,	0.0,	0.0,	0.0,	NaN,	299.549,	1.981
89.89303,	11.494,	10.813,	308.139,	56.039,	38.838,	306.604,	0.0,	0.0,	0.0,	NaN,	300.101,	0.0,	0.0,	0.0,	NaN,	299.549,	1.982
90.03713,	11.809,	11.086,	308.139,	56.074,	39.06,	306.604,	0.0,	0.0,	0.0,	NaN,	300.101,	0.0,	0.0,	0.0,	NaN,	299.546,	1.982
90.169785,	11.14,	10.41,	308.136,	56.102,	39.26,	306.604,	0.0,	0.0,	0.0,	NaN,	300.101,	0.0,	0.0,	0.0,	NaN,	299.549,	1.981
90.2994,	10.257,	9.547,	308.136,	56.085,	39.218,	306.604,	0.0,	0.0,	0.0,	NaN,	300.101,	0.0,	0.0,	0.0,	NaN,	299.549,	1.982
90.42891,	9.873,	9.209,	308.136,	56.042,	38.966,	306.604,	0.0,	0.0,	0.0,	NaN,	300.101,	0.0,	0.0,	0.0,	NaN,	299.549,	1.982
90.55922,	11.245,	10.587,	308.136,	56.032,	38.819,	306.604,	0.0,	0.0,	0.0,	NaN,	300.101,	0.0,	0.0,	0.0,	NaN,	299.549,	1.982
90.69746,	11.799,	11.081,	308.134,	56.065,	39.021,	306.604,	0.0,	0.0,	0.0,	NaN,	300.098,	0.0,	0.0,	0.0,	NaN,	299.546,	1.982
90.83214,	11.346,	10.605,	308.134,	56.1,	39.241,	306.604,	0.0,	0.0,	0.0,	NaN,	300.094,	0.0,	0.0,	0.0,	NaN,	299.546,	1.982
90.96536,	10.393,	9.675,	308.134,	56.097,	39.257,	306.604,	0.0,	0.0,	0.0,	NaN,	300.094,	0.0,	0.0,	0.0,	NaN,	299.549,	1.982
91.10421,	9.908,	9.234,	308.134,	56.057,	39.027,	306.604,	0.0,	0.0,	0.0,	NaN,	300.094,	0.0,	0.0,	0.0,	NaN,	299.546,	1.982
91.23583,	10.861,	10.238,	308.134,	56.032,	38.821,	306.604,	0.0,	0.0,	0.0,	NaN,	300.094,	0.0,	0.0,	0.0,	NaN,	299.546,	1.982
91.37209,	11.777,	11.064,	308.134,	56.051,	38.98,	306.604,	0.0,	0.0,	0.0,	NaN,	300.094,	0.0,	0.0,	0.0,	NaN,	299.549,	1.981
91.50507,	11.598,	10.85,	308.134,	56.09,	39.208,	306.604,	0.0,	0.0,	0.0,	NaN,	300.094,	0.0,	0.0,	0.0,	NaN,	299.549,	1.981
91.63318,	10.547,	9.824,	308.134,	56.106,	39.285,	306.604,	0.0,	0.0,	0.0,	NaN,	300.091,	0.0,	0.0,	0.0,	NaN,	299.546,	1.981
91.76244,	10.025,	9.336,	308.134,	56.083,	39.132,	306.604,	0.0,	0.0,	0.0,	NaN,	300.091,	0.0,	0.0,	0.0,	NaN,	299.549,	1.981
91.89352,	10.137,	9.513,	308.134,	56.036,	38.844,	306.604,	0.0,	0.0,	0.0,	NaN,	300.091,	0.0,	0.0,	0.0,	NaN,	299.549,	1.981
92.026344,	11.733,	11.028,	308.134,	56.045,	38.945,	306.604,	0.0,	0.0,	0.0,	NaN,	300.091,	0.0,	0.0,	0.0,	NaN,	299.549,	1.981
92.16625,	11.753,	11.018,	308.134,	56.08,	39.176,	306.604,	0.0,	0.0,	0.0,	NaN,	300.091,	0.0,	0.0,	0.0,	NaN,	299.549,	1.981
92.29405,	10.85,	10.122,	308.134,	56.106,	39.298,	306.604,	0.0,	0.0,	0.0,	NaN,	300.091,	0.0,	0.0,	0.0,	NaN,	299.549,	1.981
92.42697,	10.063,	9.369,	308.134,	56.092,	39.161,	306.604,	0.0,	0.0,	0.0,	NaN,	300.088,	0.0,	0.0,	0.0,	NaN,	299.546,	1.981
92.5634,	10.034,	9.393,	308.134,	56.047,	38.899,	306.604,	0.0,	0.0,	0.0,	NaN,	300.091,	0.0,	0.0,	0.0,	NaN,	299.549,	1.981
92.69845,	11.648,	10.954,	308.139,	56.037,	38.911,	306.604,	0.0,	0.0,	0.0,	NaN,	300.091,	0.0,	0.0,	0.0,	NaN,	299.549,	1.981
92.86059,	11.731,	10.992,	308.139,	56.077,	39.194,	306.6,	0.0,	0.0,	0.0,	NaN,	300.091,	0.0,	0.0,	0.0,	NaN,	299.549,	1.981
92.99714,	10.682,	9.956,	308.139,	56.105,	39.31,	306.6,	0.0,	0.0,	0.0,	NaN,	300.091,	0.0,	0.0,	0.0,	NaN,	299.546,	1.981
93.12789,	10.098,	9.401,	308.139,	56.098,	39.184,	306.6,	0.0,	0.0,	0.0,	NaN,	300.091,	0.0,	0.0,	0.0,	NaN,	299.549,	1.963
93.256775,	10.093,	9.462,	308.136,	56.052,	38.89,	306.6,	0.0,	0.0,	0.0,	NaN,	300.091,	0.0,	0.0,	0.0,	NaN,	299.549,	1.963
93.39235,	11.6,	10.911,	308.136,	56.037,	38.901,	306.6,	0.0,	0.0,	0.0,	NaN,	300.091,	0.0,	0.0,	0.0,	NaN,	299.549,	1.963
93.523445,	11.822,	11.095,	308.136,	56.057,	39.129,	306.6,	0.0,	0.0,	0.0,	NaN,	300.091,	0.0,	0.0,	0.0,	NaN,	299.549,	1.963
93.65048,	11.027,	10.297,	308.136,	56.099,	39.313,	306.6,	0.0,	0.0,	0.0,	NaN,	300.091,	0.0,	0.0,	0.0,	NaN,	299.549,	1.963
93.78858,	10.208,	9.502,	308.134,	56.104,	39.238,	306.6,	0.0,	0.0,	0.0,	NaN,	300.091,	0.0,	0.0,	0.0,	NaN,	299.549,	1.963
93.927956,	9.938,	9.282,	308.134,	56.068,	38.95,	306.6,	0.0,	0.0,	0.0,	NaN,	300.091,	0.0,	0.0,	0.0,	NaN,	299.553,	1.963
94.05851,	11.408,	10.733,	308.134,	56.036,	38.878,	306.6,	0.0,	0.0,	0.0,	NaN,	300.091,	0.0,	0.0,	0.0,	NaN,	299.549,	1.963
94.19004,	11.819,	11.097,	308.134,	56.046,	39.088,	306.6,	0.0,	0.0,	0.0,	NaN,	300.091,	0.0,	0.0,	0.0,	NaN,	299.549,	1.963
94.32058,	11.241,	10.507,	308.139,	56.089,	39.299,	306.6,	0.0,	0.0,	0.0,	NaN,	300.088,	0.0,	0.0,	0.0,	NaN,	299.549,	1.963
94.45572,	10.33,	9.616,	308.139,	56.111,	39.286,	306.6,	0.0,	0.0,	0.0,	NaN,	300.084,	0.0,	0.0,	0.0,	NaN,	299.549,	1.963
94.5954,	9.892,	9.227,	308.139,	56.087,	39.004,	306.6,	0.0,	0.0,	0.0,	NaN,	300.081,	0.0,	0.0,	0.0,	NaN,	299.549,	1.963
94.73792,	11.315,	10.65,	308.139,	56.043,	38.877,	306.6,	0.0,	0.0,	0.0,	NaN,	300.084,	0.0,	0.0,	0.0,	NaN,	299.549,	1.963
94.86895,	11.819,	11.098,	308.136,	56.043,	39.078,	306.6,	0.0,	0.0,	0.0,	NaN,	300.081,	0.0,	0.0,	0.0,	NaN,	299.546,	1.961
95.00346,	11.321,	10.582,	308.136,	56.081,	39.293,	306.6,	0.0,	0.0,	0.0,	NaN,	300.081,	0.0,	0.0,	0.0,	NaN,	299.546,	1.961
95.13519,	10.386,	9.668,	308.136,	56.111,	39.304,	306.6,	0.0,	0.0,	0.0,	NaN,	300.081,	0.0,	0.0,	0.0,	NaN,	299.546,	1.96
95.26599,	9.917,	9.243,	308.134,	56.097,	39.07,	306.6,	0.0,	0.0,	0.0,	NaN,	300.081,	0.0,	0.0,	0.0,	NaN,	299.546,	1.961
95.39417,	10.953,	10.324,	308.134,	56.056,	38.872,	306.6,	0.0,	0.0,	0.0,	NaN,	300.081,	0.0,	0.0,	0.0,	NaN,	299.546,	1.961
95.52302,	11.797,	11.083,	308.134,	56.042,	39.043,	306.6,	0.0,	0.0,	0.0,	NaN,	300.081,	0.0,	0.0,	0.0,	NaN,	299.542,	1.961
95.6596,	11.566,	10.816,	308.134,	56.067,	39.269,	306.6,	0.0,	0.0,	0.0,	NaN,	300.081,	0.0,	0.0,	0.0,	NaN,	299.546,	1.961
95.79508,	10.534,	9.81,	308.134,	56.103,	39.331,	306.6,	0.0,	0.0,	0.0,	NaN,	300.081,	0.0,	0.0,	0.0,	NaN,	299.542,	1.96
95.92715,	9.977,	9.294,	308.134,	56.108,	39.135,	306.6,	0.0,	0.0,	0.0,	NaN,	300.081,	0.0,	0.0,	0.0,	NaN,	299.546,	1.961
96.06596,	10.042,	9.399,	308.134,	56.07,	38.899,	306.6,	0.0,	0.0,	0.0,	NaN,	300.081,	0.0,	0.0,	0.0,	NaN,	299.546,	1.961
96.1946,	11.722,	11.021,	308.134,	56.042,	38.975,	306.6,	0.0,	0.0,	0.0,	NaN,	300.081,	0.0,	0.0,	0.0,	NaN,	299.546,	1.96
96.32233,	11.802,	11.069,	308.134,	56.049,	39.204,	306.6,	0.0,	0.0,	0.0,	NaN,	300.077,	0.0,	0.0,	0.0,	NaN,	299.546,	1.961
96.45695,	10.706,	9.979,	308.134,	56.091,	39.35,	306.6,	0.0,	0.0,	0.0,	NaN,	300.081,	0.0,	0.0,	0.0,	NaN,	299.546,	1.961
96.590744,	10.122,	9.423,	308.134,	56.111,	39.229,	306.6,	0.0,	0.0,	0.0,	NaN,	300.077,	0.0,	0.0,	0.0,	NaN,	299.546,	1.947
96.71782,	9.986,	9.333,	308.134,	56.096,	38.961,	306.6,	0.0,	0.0,	0.0,	NaN,	300.077,	0.0,	0.0,	0.0,	NaN,	299.549,	1.947
96.84346,	11.612,	10.922,	308.139,	56.051,	38.946,	306.6,	0.0,	0.0,	0.0,	NaN,	300.077,	0.0,	0.0,	0.0,	NaN,	299.546,	1.946
97.00858,	11.787,	11.053,	308.139,	56.049,	39.225,	306.604,	0.0,	0.0,	0.0,	NaN,	300.081,	0.0,	0.0,	0.0,	NaN,	299.553,	1.947
97.14481,	10.78,	10.052,	308.139,	56.084,	39.359,	306.604,	0.0,	0.0,	0.0,	NaN,	300.077,	0.0,	0.0,	0.0,	NaN,	299.549,	1.946
97.27415,	10.162,	9.46,	308.139,	56.108,	39.253,	306.604,	0.0,	0.0,	0.0,	NaN,	300.077,	0.0,	0.0,	0.0,	NaN,	299.549,	1.947
97.40494,	9.951,	9.293,	308.141,	56.102,	38.991,	306.604,	0.0,	0.0,	0.0,	NaN,	300.077,	0.0,	0.0,	0.0,	NaN,	299.546,	1.947
97.53193,	11.548,	10.863,	308.141,	56.059,	38.939,	306.6,	0.0,	0.0,	0.0,	NaN,	300.077,	0.0,	0.0,	0.0,	NaN,	299.549,	1.946
97.667854,	11.842,	11.118,	308.141,	56.039,	39.155,	306.6,	0.0,	0.0,	0.0,	NaN,	300.077,	0.0,	0.0,	0.0,	NaN,	299.549,	1.947
97.803955,	11.141,	10.41,	308.141,	56.068,	39.353,	306.6,	0.0,	0.0,	0.0,	NaN,	300.077,	0.0,	0.0,	0.0,	NaN,	299.549,	1.947
97.932144,	10.277,	9.565,	308.139,	56.106,	39.305,	306.6,	0.0,	0.0,	0.0,	NaN,	300.077,	0.0,	0.0,	0.0,	NaN,	299.549,	1.947
98.06417,	9.908,	9.241,	308.139,	56.11,	39.052,	306.6,	0.0,	0.0,	0.0,	NaN,	300.074,	0.0,	0.0,	0.0,	NaN,	299.546,	1.947
98.192406,	11.305,	10.639,	308.139,	56.074,	38.92,	306.6,	0.0,	0.0,	0.0,	NaN,	300.074,	0.0,	0.0,	0.0,	NaN,	299.546,	1.946
98.32424,	11.829,	11.108,	308.139,	56.041,	39.12,	306.6,	0.0,	0.0,	0.0,	NaN,	300.074,	0.0,	0.0,	0.0,	NaN,	299.546,	1.94
98.4581,	11.488,	10.739,	308.141,	56.052,	39.312,	306.6,	0.0,	0.0,	0.0,	NaN,	300.077,	0.0,	0.0,	0.0,	NaN,	299.546,	1.94
98.59209,	10.405,	9.686,	308.141,	56.094,	39.346,	306.604,	0.0,	0.0,	0.0,	NaN,	300.074,	0.0,	0.0,	0.0,	NaN,	299.546,	1.94
98.72182,	9.931,	9.255,	308.141,	56.115,	39.115,	306.604,	0.0,	0.0,	0.0,	NaN,	300.074,	0.0,	0.0,	0.0,	NaN,	299.546,	1.94
98.85771,	10.943,	10.314,	308.141,	56.092,	38.92,	306.604,	0.0,	0.0,	0.0,	NaN,	300.074,	0.0,	0.0,	0.0,	NaN,	299.546,	1.94
98.993996,	11.805,	11.091,	308.139,	56.051,	39.084,	306.604,	0.0,	0.0,	0.0,	NaN,	300.07,	0.0,	0.0,	0.0,	NaN,	299.542,	1.94
99.15099,	11.432,	10.686,	308.139,	56.05,	39.332,	306.604,	0.0,	0.0,	0.0,	NaN,	300.07,	0.0,	0.0,	0.0,	NaN,	299.549,	1.94
99.28519,	10.461,	9.739,	308.139,	56.087,	39.364,	306.604,	0.0,	0.0,	0.0,	NaN,	300.07,	0.0,	0.0,	0.0,	NaN,	299.549,	1.94
99.416916,	9.953,	9.274,	308.141,	56.113,	39.146,	306.604,	0.0,	0.0,	0.0,	NaN,	300.07,	0.0,	0.0,	0.0,	NaN,	299.549,	1.94
99.54903,	10.221,	10.161,	308.141,	56.1,	38.93,	306.604,	0.0,	0.0,	0.0,	NaN,	300.067,	0.0,	0.0,	0.0,	NaN,	299.549,	1.94
99.6784,	11.794,	11.081,	308.141,	56.057,	39.071,	306.604,	0.0,	0.0,	0.0,	NaN,	300.07,	0.0,	0.0,	0.0,	NaN,	299.549,	1.94
99.81985,	11.674,	10.926,	308.141,	56.047,	39.304,	306.604,	0.0,	0.0,	0.0,	NaN,	300.067,	0.0,	0.0,	0.0,	NaN,	299.549,	1.94
99.95276,	10.617,	9.891,	308.139,	56.074,	39.388,	306.604,	0.0,	0.0,	0.0,	NaN,	300.067,	0.0,	0.0,	0.0,	NaN,	299.549,	1.935
100.08455,	10.024,	9.335,	308.139,	56.111,	39.213,	306.6,	0.0,	0.0,	0.0,	NaN,	300.07,	0.0,	0.0,	0.0,	NaN,	299.549,	1.935
100.20946,	10.098,	9.46,	308.139,	56.109,	38.962,	306.6,	0.0,	0.0,	0.0,	NaN,	300.067,	0.0,	0.0,	0.0,	NaN,	299.549,	1.935
100.339645,	11.746,	11.043,	308.139,	56.071,	39.036,	306.6,	0.0,	0.0,	0.0,	NaN,	300.067,	0.0,	0.0,	0.0,	NaN,	299.553,	1.935
100.48758,	11.803,	11.068,	308.136,	56.043,	39.264,	306.6,	0.0,	0.0,	0.0,	NaN,	300.07,	0.0,	0.0,	0.0,	NaN,	299.549,	1.935
100.63029,	10.688,	9.961,	308.136,	56.064,	39.398,	306.604,	0.0,	0.0,	0.0,	NaN,	300.07,	0.0,	0.0,	0.0,	NaN,	299.553,	1.935
100.77038,	10.06,	9.368,	308.136,	56.104,	39.241,	306.604,	0.0,	0.0,	0.0,	NaN,	300.067,	0.0,	0.0,	0.0,	NaN,	299.553,	1.935
100.90191,	10.173,	9.374,	308.136,	56.113,	38.981,	306.604,	0.0,	0.0,	0.0,	NaN,	300.067,	0.0,	0.0,	0.0,	NaN,	299.553,	1.935
101.034615,	11.718,	11.019,	308.134,	56.083,	39.024,	306.604,	0.0,	0.0,	0.0,	NaN,	300.07,	0.0,	0.0,	0.0,	NaN,	299.553,	1.935
101.16452,	11.831,	11.098,	308.134,	56.047,	39.255,	306.609,	0.0,	0.0,	0.0,	NaN,	300.067,	0.0,	0.0,	0.0,	NaN,	299.549,	1.935
101.293945,	10.886,	10.156,	308.134,	56.055,	39.408,	306.609,	0.0,	0.0,	0.0,	NaN,	300.067,	0.0,	0.0,	0.0,	NaN,	299.549,	1.935
101.433014,	10.161,	9.458,	308.134,	56.092,	39.295,	306.609,	0.0,	0.0,	0.0,	NaN,	300.07,	0.0,	0.0,	0.0,	NaN,	299.549,	1.935
101.56066,	9.983,	9.325,	308.134,	56.117,	39.034,	306.609,	0.0,	0.0,	0.0,	NaN,	300.067,	0.0,	0.0,	0.0,	NaN,	299.549,	1.935
101.69422,	11.592,	10.904,	308.134,	56.098,	38.995,	306.609,	0.0,	0.0,	0.0,	NaN,	300.067,	0.0,	0.0,	0.0,	NaN,	299.549,	1.924
101.82355,	11.859,	11.133,	308.134,	56.055,	39.216,	306.609,	0.0,	0.0,	0.0,	NaN,	300.067,	0.0,	0.0,	0.0,	NaN,	299.553,	1.924
101.96452,	11.118,	10.386,	308.134,	56.045,	39.404,	306.609,	0.0,	0.0,	0.0,	NaN,	300.067,	0.0,	0.0,	0.0,	NaN,	299.549,	1.923
102.092545,	10.272,	9.561,	308.134,	56.079,	39.349,	306.609,	0.0,	0.0,	0.0,	NaN,	300.067,	0.0,	0.0,	0.0,	NaN,	299.553,	1.923
102.22974,	9.925,	9.259,	308.134,	56.111,	39.092,	306.604,	0.0,	0.0,	0.0,	NaN,	300.067,	0.0,	0.0,	0.0,	NaN,	299.549,	1.924
102.359314,	11.374,	10.703,	308.134,	56.106,	38.97,	306.604,	0.0,	0.0,	0.0,	NaN,	300.067,	0.0,	0.0,	0.0,	NaN,	299.553,	1.923
102.517555,	11.859,	11.135,	308.139,	56.062,	39.205,	306.604,	0.0,	0.0,	0.0,	NaN,	300.067,	0.0,	0.0,	0.0,	NaN,	299.553,	1.924
102.65529,	11.066,	10.334,	308.139,	56.046,	39.418,	306.604,	0.0,	0.0,	0.0,	NaN,	300.067,	0.0,	0.0,	0.0,	NaN,	299.553,	1.924
102.79029,	10.322,	9.607,	308.139,	56.069,	39.369,	306.604,	0.0,	0.0,	0.0,	NaN,	300.07,	0.0,	0.0,	0.0,	NaN,	299.553,	1.924
102.91742,	9.928,	9.257,	308.139,	56.105,	39.121,	306.604,	0.0,	0.0,	0.0,	NaN,	300.067,	0.0,	0.0,	0.0,	NaN,	299.556,	1.924
103.042946,	11.26,	10.6,	308.141,	56.114,	38.973,	306.604,	0.0,	0.0,	0.0,	NaN,	300.067,	0.0,	0.0,	0.0,	NaN,	299.556,	1.924
103.18354,	11.844,	11.124,	308.141,	56.077,	39.166,	306.604,	0.0,	0.0,	0.0,	NaN,	300.067,	0.0,	0.0,	0.0,	NaN,	299.553,	1.924
103.30929,	11.559,	10.808,	308.141,	56.047,	39.363,	306.604,	0.0,	0.0,	0.0,	NaN,	300.067,	0.0,	0.0,	0.0,	NaN,	299.553,	1.924
103.43464,	10.545,	9.819,	308.141,	56.052,	39.419,	306.604,	0.0,	0.0,	0.0,	NaN,	300.067,	0.0,	0.0,	0.0,	NaN,	299.553,	1.924
103.56716,	9.999,	9.314,	308.139,	56.091,	39.219,	306.604,	0.0,	0.0,	0.0,	NaN,	300.07,	0.0,	0.0,	0.0,	NaN,	299.553,	1.923
103.70059,	10.1,	9.46,	308.139,	56.114,	38.985,	306.604,	0.0,	0.0,	0.0,	NaN,	300.067,	0.0,	0.0,	0.0,	NaN,	299.553,	1.923
103.83797,	11.793,	11.083,	308.139,	56.099,	39.101,	306.604,	0.0,	0.0,	0.0,	NaN,	300.067,	0.0,	0.0,	0.0,	NaN,	299.553,	1.924
103.967896,	11.764,	11.021,	308.139,	56.053,	39.33,	306.604,	0.0,	0.0,	0.0,	NaN,	300.067,	0.0,	0.0,	0.0,	NaN,	299.553,	1.924
104.098,	10.712,	9.984,	308.145,	56.045,	39.44,	306.604,	0.0,	0.0,	0.0,	NaN,	300.067,	0.0,	0.0,	0.0,	NaN,	299.549,	1.924
104.23438,	10.081,	9.387,	308.145,	56.079,	39.281,	306.6,	0.0,	0.0,	0.0,	NaN,	300.067,	0.0,	0.0,	0.0,	NaN,	299.553,	1.923
104.3659,	10.173,	9.544,	308.145,	56.112,	39.025,	306.6,	0.0,	0.0,	0.0,	NaN,	300.063,	0.0,	0.0,	0.0,	NaN,	299.553,	1.924
104.497055,	11.727,	11.027,	308.145,	56.103,	39.065,	306.6,	0.0,	0.0,	0.0,	NaN,	300.063,	0.0,	0.0,	0.0,	NaN,	299.553,	1.924
104.6257,	11.848,	11.114,	308.147,	56.066,	39.291,	306.6,	0.0,	0.0,	0.0,	NaN,	300.063,	0.0,	0.0,	0.0,	NaN,	299.553,	1.923
104.78137,	10.783,	10.055,	308.147,	56.043,	39.449,	306.6,	0.0,	0.0,	0.0,	NaN,	300.063,	0.0,	0.0,	0.0,	NaN,	299.553,	1.923
104.90707,	10.117,	9.419,	308.147,	56.064,	39.306,	306.6,	0.0,	0.0,	0.0,	NaN,	300.063,	0.0,	0.0,	0.0,	NaN,	299.553,	1.924
105.03772,	10.075,	9.428,	308.147,	56.102,	39.045,	306.6,	0.0,	0.0,	0.0,	NaN,	300.06,	0.0,	0.0,	0.0,	NaN,	299.553,	1.924
105.17871,	11.687,	10.992,	308.149,	56.109,	39.055,	306.6,	0.0,	0.0,	0.0,	NaN,	300.06,	0.0,	0.0,	0.0,	NaN,	299.556,	1.912
105.30927,	11.865,	11.134,	308.149,	56.075,	39.278,	306.596,	0.0,	0.0,	0.0,	NaN,	300.06,	0.0,	0.0,	0.0,	NaN,	299.553,	1.912
105.44595,	10.998,	10.265,	308.149,	56.041,	39.448,	306.596,	0.0,	0.0,	0.0,	NaN,	300.06,	0.0,	0.0,	0.0,	NaN,	299.553,	1.912
105.581856,	10.222,	9.514,	308.149,	56.056,	39.361,	306.596,	0.0,	0.0,	0.0,	NaN,	300.056,	0.0,	0.0,	0.0,	NaN,	299.553,	1.911
105.71212,	9.964,	9.302,	308.152,	56.096,	39.103,	306.596,	0.0,	0.0,	0.0,	NaN,	300.056,	0.0,	0.0,	0.0,	NaN,	299.553,	1.912
105.8396,	11.526,	10.843,	308.152,	56.114,	39.03,	306.596,	0.0,	0.0,	0.0,	NaN,	300.056,	0.0,	0.0,	0.0,	NaN,	299.556,	1.912
106.0067,	11.873,	11.145,	308.152,	56.087,	39.271,	306.596,	0.0,	0.0,	0.0,	NaN,	300.056,	0.0,	0.0,	0.0,	NaN,	299.553,	1.911
106.14162,	10.944,	10.212,	308.149,	56.042,	39.46,	306.596,	0.0,	0.0,	0.0,	NaN,	300.056,	0.0,	0.0,	0.0,	NaN,	299.553,	1.912
106.27007,	10.198,	9.492,	308.149,	56.05,	39.358,	306.596,	0.0,	0.0,	0.0,	NaN,	300.056,	0.0,	0.0,	0.0,	NaN,	299.553,	1.912
106.40367,	9.946,	9.28,	308.149,	56.085,	39.13,	306.596,	0.0,	0.0,	0.0,	NaN,	300.056,	0.0,	0.0,	0.0,	NaN,	299.553,	1.911
106.531815,	11.438,	10.762,	308.149,	56.112,	39.026,	306.596,	0.0,	0.0,	0.0,	NaN,	300.053,	0.0,	0.0,	0.0,	NaN,	299.553,	1.912
106.66224,	11.867,	11.145,	308.152,	56.098,	39.228,	306.596,	0.0,	0.0,	0.0,	NaN,	300.053,	0.0,	0.0,	0.0,	NaN,	299.553,	1.911
106.79551,	11.299,	10.563,	308.152,	56.058,	39.44,	306.596,	0.0,	0.0,	0.0,	NaN,	300.053,	0.0,	0.0,	0.0,	NaN,	299.553,	1.912
106.93236,	10.388,	9.669,	308.152,	56.044,	39.426,	306.596,	0.0,	0.0,	0.0,	NaN,	300.049,	0.0,	0.0,	0.0,	NaN,	299.549,	1.913
107.060394,	9.949,	9.273,	308.152,	56.072,	39.191,	306.596,	0.0,	0.0,	0.0,	NaN,	300.049,	0.0,	0.0,	0.0,	NaN,	299.549,	1.913
107.195786,	11.124,	10.478,	308.149,	56.105,	39.017,	306.596,	0.0,	0.0,	0.0,	NaN,	300.049,	0.0,	0.0,	0.0,	NaN,	299.549,	1.913
107.33105,	11.847,	11.129,	308.149,	56.108,	39.192,	306.596,	0.0,	0.0,	0.0,	NaN,	300.049,	0.0,	0.0,	0.0,	NaN,	299.549,	1.914
107.48455,	11.258,	10.524,	308.149,	56.058,	39.449,	306.596,	0.0,	0.0,	0.0,	NaN,	300.049,	0.0,	0.0,	0.0,	NaN,	299.549,	1.913
107.62199,	10.36,	9.643,	308.149,	56.039,	39.425,	306.596,	0.0,	0.0,	0.0,	NaN,	300.049,	0.0,	0.0,	0.0,	NaN,	299.549,	1.913
