2.499623,	9.796,	9.191,	308.145,	55.711,	43.053,	306.609,	0.0,	0.0,	0.0,	NaN,	300.167,	0.0,	0.0,	0.0,	NaN,	299.643,	1.944
2.6346767,	9.472,	8.862,	308.145,	55.662,	43.214,	306.609,	0.0,	0.0,	0.0,	NaN,	300.167,	0.0,	0.0,	0.0,	NaN,	299.643,	1.943
2.7889776,	8.385,	7.861,	308.143,	55.672,	43.289,	306.609,	0.0,	0.0,	0.0,	NaN,	300.171,	0.0,	0.0,	0.0,	NaN,	299.64,	1.943
2.9136589,	8.092,	7.608,	308.143,	55.715,	43.188,	306.609,	0.0,	0.0,	0.0,	NaN,	300.167,	0.0,	0.0,	0.0,	NaN,	299.64,	1.943
3.0484416,	9.133,	8.631,	308.143,	55.737,	43.018,	306.609,	0.0,	0.0,	0.0,	NaN,	300.167,	0.0,	0.0,	0.0,	NaN,	299.64,	1.943
3.1803875,	9.796,	9.19,	308.143,	55.711,	43.054,	306.609,	0.0,	0.0,	0.0,	NaN,	300.171,	0.0,	0.0,	0.0,	NaN,	299.64,	1.943
3.3150175,	9.665,	9.05,	308.145,	55.669,	43.177,	306.609,	0.0,	0.0,	0.0,	NaN,	300.171,	0.0,	0.0,	0.0,	NaN,	299.64,	1.943
3.4452884,	8.61,	8.067,	308.145,	55.661,	43.29,	306.609,	0.0,	0.0,	0.0,	NaN,	300.167,	0.0,	0.0,	0.0,	NaN,	299.64,	1.943
3.5711432,	8.136,	7.643,	308.145,	55.694,	43.228,	306.609,	0.0,	0.0,	0.0,	NaN,	300.171,	0.0,	0.0,	0.0,	NaN,	299.643,	1.944
3.708728,	8.408,	7.782,	308.145,	55.731,	43.056,	306.609,	0.0,	0.0,	0.0,	NaN,	300.167,	0.0,	0.0,	0.0,	NaN,	299.64,	1.943
3.838415,	9.761,	9.167,	308.147,	55.729,	43.013,	306.609,	0.0,	0.0,	0.0,	NaN,	300.171,	0.0,	0.0,	0.0,	NaN,	299.643,	1.943
3.970649,	9.752,	9.137,	308.147,	55.685,	43.142,	306.613,	0.0,	0.0,	0.0,	NaN,	300.171,	0.0,	0.0,	0.0,	NaN,	299.643,	1.943
4.103158,	8.797,	8.239,	308.147,	55.656,	43.274,	306.613,	0.0,	0.0,	0.0,	NaN,	300.171,	0.0,	0.0,	0.0,	NaN,	299.643,	1.943
4.2373133,	8.188,	7.687,	308.147,	55.68,	43.254,	306.613,	0.0,	0.0,	0.0,	NaN,	300.167,	0.0,	0.0,	0.0,	NaN,	299.643,	1.943
4.36647,	8.205,	7.727,	308.149,	55.724,	43.09,	306.613,	0.0,	0.0,	0.0,	NaN,	300.164,	0.0,	0.0,	0.0,	NaN,	299.643,	1.943
4.504448,	9.685,	9.102,	308.149,	55.736,	43.001,	306.611,	0.0,	0.0,	0.0,	NaN,	300.164,	0.0,	0.0,	0.0,	NaN,	299.643,	1.943
4.664071,	9.734,	9.119,	308.149,	55.69,	43.15,	306.611,	0.0,	0.0,	0.0,	NaN,	300.164,	0.0,	0.0,	0.0,	NaN,	299.643,	1.943
4.8048697,	8.749,	8.194,	308.149,	55.656,	43.271,	306.611,	0.0,	0.0,	0.0,	NaN,	300.16,	0.0,	0.0,	0.0,	NaN,	299.647,	1.943
4.9317613,	8.174,	7.675,	308.147,	55.668,	43.244,	306.611,	0.0,	0.0,	0.0,	NaN,	300.157,	0.0,	0.0,	0.0,	NaN,	299.647,	1.943
5.068186,	8.237,	7.76,	308.147,	55.72,	43.079,	306.613,	0.0,	0.0,	0.0,	NaN,	300.16,	0.0,	0.0,	0.0,	NaN,	299.647,	1.943
5.1962166,	9.71,	9.124,	308.147,	55.735,	42.999,	306.613,	0.0,	0.0,	0.0,	NaN,	300.157,	0.0,	0.0,	0.0,	NaN,	299.647,	1.943
5.3319635,	9.784,	9.171,	308.147,	55.707,	43.111,	306.613,	0.0,	0.0,	0.0,	NaN,	300.153,	0.0,	0.0,	0.0,	NaN,	299.647,	1.943
5.4697046,	8.967,	8.396,	308.145,	55.659,	43.249,	306.613,	0.0,	0.0,	0.0,	NaN,	300.153,	0.0,	0.0,	0.0,	NaN,	299.647,	1.943
5.606498,	8.239,	7.732,	308.145,	55.663,	43.256,	306.611,	0.0,	0.0,	0.0,	NaN,	300.153,	0.0,	0.0,	0.0,	NaN,	299.647,	1.943
5.741315,	8.129,	7.65,	308.145,	55.702,	43.114,	306.611,	0.0,	0.0,	0.0,	NaN,	300.15,	0.0,	0.0,	0.0,	NaN,	299.647,	1.943
5.8724146,	9.574,	9.007,	308.143,	55.734,	42.986,	306.611,	0.0,	0.0,	0.0,	NaN,	300.15,	0.0,	0.0,	0.0,	NaN,	299.647,	1.943
6.029441,	9.791,	9.178,	308.143,	55.716,	43.1,	306.611,	0.0,	0.0,	0.0,	NaN,	300.15,	0.0,	0.0,	0.0,	NaN,	299.647,	1.94
6.156225,	9.057,	8.481,	308.143,	55.668,	43.241,	306.609,	0.0,	0.0,	0.0,	NaN,	300.15,	0.0,	0.0,	0.0,	NaN,	299.643,	1.94
6.2823267,	8.268,	7.756,	308.143,	55.655,	43.259,	306.609,	0.0,	0.0,	0.0,	NaN,	300.15,	0.0,	0.0,	0.0,	NaN,	299.643,	1.94
6.418787,	8.107,	7.628,	308.145,	55.693,	43.119,	306.609,	0.0,	0.0,	0.0,	NaN,	300.15,	0.0,	0.0,	0.0,	NaN,	299.647,	1.941
6.551651,	9.497,	8.94,	308.145,	55.729,	42.979,	306.613,	0.0,	0.0,	0.0,	NaN,	300.147,	0.0,	0.0,	0.0,	NaN,	299.643,	1.941
6.684917,	9.796,	9.186,	308.145,	55.724,	43.062,	306.613,	0.0,	0.0,	0.0,	NaN,	300.15,	0.0,	0.0,	0.0,	NaN,	299.643,	1.941
6.820917,	9.269,	8.676,	308.145,	55.682,	43.217,	306.613,	0.0,	0.0,	0.0,	NaN,	300.15,	0.0,	0.0,	0.0,	NaN,	299.647,	1.94
6.957577,	8.36,	7.838,	308.143,	55.652,	43.26,	306.613,	0.0,	0.0,	0.0,	NaN,	300.15,	0.0,	0.0,	0.0,	NaN,	299.643,	1.941
7.0872955,	8.088,	7.605,	308.143,	55.675,	43.156,	306.611,	0.0,	0.0,	0.0,	NaN,	300.147,	0.0,	0.0,	0.0,	NaN,	299.643,	1.94
7.220336,	9.202,	8.69,	308.143,	55.719,	42.992,	306.611,	0.0,	0.0,	0.0,	NaN,	300.147,	0.0,	0.0,	0.0,	NaN,	299.643,	1.941
7.3519034,	9.793,	9.186,	308.143,	55.735,	43.036,	306.611,	0.0,	0.0,	0.0,	NaN,	300.147,	0.0,	0.0,	0.0,	NaN,	299.643,	1.941
7.479748,	9.511,	8.899,	308.141,	55.701,	43.178,	306.611,	0.0,	0.0,	0.0,	NaN,	300.143,	0.0,	0.0,	0.0,	NaN,	299.643,	1.941
7.6208344,	8.482,	7.949,	308.141,	55.657,	43.269,	306.613,	0.0,	0.0,	0.0,	NaN,	300.143,	0.0,	0.0,	0.0,	NaN,	299.643,	1.946
7.747712,	8.124,	7.632,	308.141,	55.657,	43.2,	306.613,	0.0,	0.0,	0.0,	NaN,	300.143,	0.0,	0.0,	0.0,	NaN,	299.643,	1.947
7.8764553,	8.291,	7.815,	308.141,	55.697,	43.033,	306.613,	0.0,	0.0,	0.0,	NaN,	300.143,	0.0,	0.0,	0.0,	NaN,	299.643,	1.947
8.022585,	9.784,	9.183,	308.143,	55.732,	43.01,	306.613,	0.0,	0.0,	0.0,	NaN,	300.14,	0.0,	0.0,	0.0,	NaN,	299.643,	1.947
8.156569,	9.679,	9.066,	308.143,	55.714,	43.146,	306.611,	0.0,	0.0,	0.0,	NaN,	300.136,	0.0,	0.0,	0.0,	NaN,	299.647,	1.947
8.284703,	8.637,	8.092,	308.143,	55.666,	43.256,	306.611,	0.0,	0.0,	0.0,	NaN,	300.136,	0.0,	0.0,	0.0,	NaN,	299.643,	1.947
8.412958,	8.141,	7.647,	308.143,	55.655,	43.21,	306.611,	0.0,	0.0,	0.0,	NaN,	300.136,	0.0,	0.0,	0.0,	NaN,	299.643,	1.947
8.5581875,	8.348,	7.875,	308.141,	55.689,	43.038,	306.611,	0.0,	0.0,	0.0,	NaN,	300.136,	0.0,	0.0,	0.0,	NaN,	299.643,	1.946
8.686964,	9.748,	9.155,	308.141,	55.728,	42.99,	306.609,	0.0,	0.0,	0.0,	NaN,	300.136,	0.0,	0.0,	0.0,	NaN,	299.64,	1.947
8.812532,	9.759,	9.144,	308.141,	55.725,	43.114,	306.609,	0.0,	0.0,	0.0,	NaN,	300.133,	0.0,	0.0,	0.0,	NaN,	299.643,	1.947
8.94658,	8.833,	8.272,	308.141,	55.68,	43.24,	306.609,	0.0,	0.0,	0.0,	NaN,	300.136,	0.0,	0.0,	0.0,	NaN,	299.643,	1.946
9.077685,	8.239,	7.731,	308.139,	55.651,	43.237,	306.609,	0.0,	0.0,	0.0,	NaN,	300.133,	0.0,	0.0,	0.0,	NaN,	299.64,	1.947
9.211016,	8.122,	7.644,	308.139,	55.667,	43.096,	306.609,	0.0,	0.0,	0.0,	NaN,	300.133,	0.0,	0.0,	0.0,	NaN,	299.64,	1.947
9.34897,	9.66,	9.081,	308.139,	55.713,	42.972,	306.609,	0.0,	0.0,	0.0,	NaN,	300.133,	0.0,	0.0,	0.0,	NaN,	299.643,	1.941
9.480656,	9.788,	9.175,	308.141,	55.731,	43.076,	306.609,	0.0,	0.0,	0.0,	NaN,	300.129,	0.0,	0.0,	0.0,	NaN,	299.64,	1.941
9.616892,	9.063,	8.486,	308.141,	55.696,	43.224,	306.609,	0.0,	0.0,	0.0,	NaN,	300.129,	0.0,	0.0,	0.0,	NaN,	299.643,	1.941
9.772169,	8.221,	7.716,	308.141,	55.65,	43.231,	306.609,	0.0,	0.0,	0.0,	NaN,	300.133,	0.0,	0.0,	0.0,	NaN,	299.643,	1.941
9.900262,	8.14,	7.662,	308.141,	55.662,	43.079,	306.609,	0.0,	0.0,	0.0,	NaN,	300.129,	0.0,	0.0,	0.0,	NaN,	299.64,	1.941
10.029974,	9.608,	9.036,	308.143,	55.706,	42.964,	306.609,	0.0,	0.0,	0.0,	NaN,	300.129,	0.0,	0.0,	0.0,	NaN,	299.64,	1.941
10.162003,	9.795,	9.185,	308.143,	55.728,	43.048,	306.609,	0.0,	0.0,	0.0,	NaN,	300.129,	0.0,	0.0,	0.0,	NaN,	299.64,	1.941
10.290881,	9.276,	8.683,	308.143,	55.71,	43.194,	306.609,	0.0,	0.0,	0.0,	NaN,	300.129,	0.0,	0.0,	0.0,	NaN,	299.64,	1.941
10.422245,	8.363,	7.841,	308.143,	55.659,	43.25,	306.609,	0.0,	0.0,	0.0,	NaN,	300.129,	0.0,	0.0,	0.0,	NaN,	299.636,	1.941
10.566399,	8.092,	7.611,	308.141,	55.652,	43.116,	306.609,	0.0,	0.0,	0.0,	NaN,	300.129,	0.0,	0.0,	0.0,	NaN,	299.636,	1.941
10.697264,	9.396,	8.855,	308.141,	55.689,	42.961,	306.613,	0.0,	0.0,	0.0,	NaN,	300.129,	0.0,	0.0,	0.0,	NaN,	299.636,	1.941
10.830213,	9.797,	9.188,	308.141,	55.73,	43.033,	306.613,	0.0,	0.0,	0.0,	NaN,	300.129,	0.0,	0.0,	0.0,	NaN,	299.636,	1.941
10.963337,	9.52,	8.908,	308.141,	55.723,	43.163,	306.613,	0.0,	0.0,	0.0,	NaN,	300.129,	0.0,	0.0,	0.0,	NaN,	299.633,	1.941
11.091064,	8.486,	7.953,	308.139,	55.679,	43.244,	306.613,	0.0,	0.0,	0.0,	NaN,	300.129,	0.0,	0.0,	0.0,	NaN,	299.633,	1.948
11.222614,	8.105,	7.617,	308.139,	55.65,	43.163,	306.611,	0.0,	0.0,	0.0,	NaN,	300.129,	0.0,	0.0,	0.0,	NaN,	299.629,	1.948
11.356073,	8.284,	7.808,	308.139,	55.667,	42.993,	306.611,	0.0,	0.0,	0.0,	NaN,	300.133,	0.0,	0.0,	0.0,	NaN,	299.629,	1.948
11.485232,	9.785,	9.184,	308.139,	55.712,	42.985,	306.611,	0.0,	0.0,	0.0,	NaN,	300.129,	0.0,	0.0,	0.0,	NaN,	299.626,	1.948
11.645559,	9.599,	8.983,	308.136,	55.727,	43.144,	306.611,	0.0,	0.0,	0.0,	NaN,	300.129,	0.0,	0.0,	0.0,	NaN,	299.626,	1.948
11.774506,	8.543,	8.004,	308.136,	55.688,	43.243,	306.609,	0.0,	0.0,	0.0,	NaN,	300.133,	0.0,	0.0,	0.0,	NaN,	299.622,	1.948
11.908044,	8.098,	7.612,	308.136,	55.649,	43.15,	306.609,	0.0,	0.0,	0.0,	NaN,	300.133,	0.0,	0.0,	0.0,	NaN,	299.622,	1.948
12.043587,	8.338,	7.865,	308.136,	55.659,	42.999,	306.609,	0.0,	0.0,	0.0,	NaN,	300.133,	0.0,	0.0,	0.0,	NaN,	299.619,	1.948
12.174306,	9.774,	9.176,	308.134,	55.702,	42.977,	306.609,	0.0,	0.0,	0.0,	NaN,	300.133,	0.0,	0.0,	0.0,	NaN,	299.619,	1.948
12.320729,	9.657,	9.042,	308.134,	55.726,	43.125,	306.609,	0.0,	0.0,	0.0,	NaN,	300.136,	0.0,	0.0,	0.0,	NaN,	299.619,	1.948
12.454072,	8.603,	8.06,	308.134,	55.7,	43.237,	306.609,	0.0,	0.0,	0.0,	NaN,	300.133,	0.0,	0.0,	0.0,	NaN,	299.615,	1.948
12.585699,	8.131,	7.638,	308.139,	55.653,	43.183,	306.609,	0.0,	0.0,	0.0,	NaN,	300.133,	0.0,	0.0,	0.0,	NaN,	299.615,	1.948
12.7177725,	8.408,	7.781,	308.139,	55.651,	43.002,	306.609,	0.0,	0.0,	0.0,	NaN,	300.133,	0.0,	0.0,	0.0,	NaN,	299.615,	1.948
12.8477955,	9.76,	9.165,	308.139,	55.693,	42.963,	306.613,	0.0,	0.0,	0.0,	NaN,	300.133,	0.0,	0.0,	0.0,	NaN,	299.615,	1.94
12.986745,	9.746,	9.131,	308.139,	55.724,	43.092,	306.613,	0.0,	0.0,	0.0,	NaN,	300.136,	0.0,	0.0,	0.0,	NaN,	299.615,	1.94
13.116796,	8.791,	8.233,	308.136,	55.713,	43.221,	306.613,	0.0,	0.0,	0.0,	NaN,	300.133,	0.0,	0.0,	0.0,	NaN,	299.615,	1.94
13.24218,	8.223,	7.718,	308.136,	55.671,	43.21,	306.613,	0.0,	0.0,	0.0,	NaN,	300.129,	0.0,	0.0,	0.0,	NaN,	299.615,	1.94
13.371901,	8.137,	7.66,	308.136,	55.647,	43.06,	306.611,	0.0,	0.0,	0.0,	NaN,	300.133,	0.0,	0.0,	0.0,	NaN,	299.615,	1.939
13.50026,	9.604,	9.032,	308.136,	55.667,	42.945,	306.611,	0.0,	0.0,	0.0,	NaN,	300.133,	0.0,	0.0,	0.0,	NaN,	299.615,	1.94
13.631947,	9.793,	9.181,	308.134,	55.717,	43.04,	306.611,	0.0,	0.0,	0.0,	NaN,	300.133,	0.0,	0.0,	0.0,	NaN,	299.619,	1.939
13.759976,	9.154,	8.571,	308.134,	55.723,	43.185,	306.611,	0.0,	0.0,	0.0,	NaN,	300.133,	0.0,	0.0,	0.0,	NaN,	299.619,	1.94
13.895777,	8.305,	7.789,	308.134,	55.688,	43.218,	306.609,	0.0,	0.0,	0.0,	NaN,	300.133,	0.0,	0.0,	0.0,	NaN,	299.615,	1.94
14.028192,	8.091,	7.611,	308.134,	55.646,	43.096,	306.609,	0.0,	0.0,	0.0,	NaN,	300.133,	0.0,	0.0,	0.0,	NaN,	299.612,	1.94
14.168032,	9.381,	8.842,	308.134,	55.654,	42.939,	306.609,	0.0,	0.0,	0.0,	NaN,	300.133,	0.0,	0.0,	0.0,	NaN,	299.615,	1.94
14.294098,	9.793,	9.186,	308.134,	55.691,	42.994,	306.609,	0.0,	0.0,	0.0,	NaN,	300.129,	0.0,	0.0,	0.0,	NaN,	299.615,	1.94
14.42039,	9.526,	8.913,	308.134,	55.721,	43.14,	306.613,	0.0,	0.0,	0.0,	NaN,	300.129,	0.0,	0.0,	0.0,	NaN,	299.615,	1.939
14.552479,	8.49,	7.956,	308.134,	55.709,	43.228,	306.613,	0.0,	0.0,	0.0,	NaN,	300.133,	0.0,	0.0,	0.0,	NaN,	299.615,	1.953
14.684532,	8.104,	7.616,	308.139,	55.659,	43.151,	306.613,	0.0,	0.0,	0.0,	NaN,	300.133,	0.0,	0.0,	0.0,	NaN,	299.615,	1.952
14.823934,	8.276,	7.801,	308.139,	55.643,	42.969,	306.611,	0.0,	0.0,	0.0,	NaN,	300.133,	0.0,	0.0,	0.0,	NaN,	299.619,	1.952
14.9536,	9.783,	9.182,	308.139,	55.672,	42.964,	306.611,	0.0,	0.0,	0.0,	NaN,	300.129,	0.0,	0.0,	0.0,	NaN,	299.619,	1.952
15.0872135,	9.686,	9.072,	308.139,	55.714,	43.101,	306.611,	0.0,	0.0,	0.0,	NaN,	300.129,	0.0,	0.0,	0.0,	NaN,	299.619,	1.952
15.217783,	8.648,	8.102,	308.136,	55.715,	43.214,	306.611,	0.0,	0.0,	0.0,	NaN,	300.129,	0.0,	0.0,	0.0,	NaN,	299.619,	1.952
15.348549,	8.142,	7.648,	308.136,	55.673,	43.167,	306.609,	0.0,	0.0,	0.0,	NaN,	300.129,	0.0,	0.0,	0.0,	NaN,	299.619,	1.952
15.474108,	8.328,	7.855,	308.136,	55.642,	42.997,	306.609,	0.0,	0.0,	0.0,	NaN,	300.126,	0.0,	0.0,	0.0,	NaN,	299.619,	1.952
15.611771,	9.746,	9.155,	308.136,	55.658,	42.944,	306.609,	0.0,	0.0,	0.0,	NaN,	300.129,	0.0,	0.0,	0.0,	NaN,	299.619,	1.953
15.768349,	9.719,	9.105,	308.134,	55.707,	43.091,	306.609,	0.0,	0.0,	0.0,	NaN,	300.126,	0.0,	0.0,	0.0,	NaN,	299.619,	1.952
15.900679,	8.719,	8.166,	308.134,	55.718,	43.211,	306.609,	0.0,	0.0,	0.0,	NaN,	300.126,	0.0,	0.0,	0.0,	NaN,	299.622,	1.953
16.026594,	8.199,	7.696,	308.134,	55.687,	43.191,	306.609,	0.0,	0.0,	0.0,	NaN,	300.126,	0.0,	0.0,	0.0,	NaN,	299.622,	1.952
16.151417,	8.172,	7.695,	308.134,	55.644,	43.03,	306.609,	0.0,	0.0,	0.0,	NaN,	300.122,	0.0,	0.0,	0.0,	NaN,	299.619,	1.952
16.282299,	9.658,	9.08,	308.139,	55.647,	42.93,	306.609,	0.0,	0.0,	0.0,	NaN,	300.122,	0.0,	0.0,	0.0,	NaN,	299.619,	1.939
16.436695,	9.777,	9.163,	308.139,	55.691,	43.053,	306.609,	0.0,	0.0,	0.0,	NaN,	300.122,	0.0,	0.0,	0.0,	NaN,	299.619,	1.939
16.564785,	8.931,	8.363,	308.139,	55.72,	43.192,	306.609,	0.0,	0.0,	0.0,	NaN,	300.122,	0.0,	0.0,	0.0,	NaN,	299.619,	1.939
16.696466,	8.224,	7.718,	308.139,	55.698,	43.189,	306.609,	0.0,	0.0,	0.0,	NaN,	300.122,	0.0,	0.0,	0.0,	NaN,	299.619,	1.939
16.826702,	8.101,	7.621,	308.141,	55.658,	43.068,	306.609,	0.0,	0.0,	0.0,	NaN,	300.122,	0.0,	0.0,	0.0,	NaN,	299.619,	1.939
16.950338,	9.484,	8.931,	308.141,	55.641,	42.927,	306.609,	0.0,	0.0,	0.0,	NaN,	300.119,	0.0,	0.0,	0.0,	NaN,	299.619,	1.939
17.077883,	9.798,	9.188,	308.141,	55.67,	43.001,	306.609,	0.0,	0.0,	0.0,	NaN,	300.119,	0.0,	0.0,	0.0,	NaN,	299.619,	1.939
17.209938,	9.443,	8.835,	308.141,	55.706,	43.13,	306.609,	0.0,	0.0,	0.0,	NaN,	300.119,	0.0,	0.0,	0.0,	NaN,	299.619,	1.939
17.352755,	8.369,	7.847,	308.143,	55.714,	43.208,	306.609,	0.0,	0.0,	0.0,	NaN,	300.119,	0.0,	0.0,	0.0,	NaN,	299.615,	1.939
17.483112,	8.087,	7.605,	308.143,	55.672,	43.099,	306.609,	0.0,	0.0,	0.0,	NaN,	300.119,	0.0,	0.0,	0.0,	NaN,	299.615,	1.939
17.613815,	9.176,	8.67,	308.143,	55.637,	42.93,	306.609,	0.0,	0.0,	0.0,	NaN,	300.119,	0.0,	0.0,	0.0,	NaN,	299.619,	1.939
17.74159,	9.797,	9.191,	308.141,	55.652,	42.973,	306.609,	0.0,	0.0,	0.0,	NaN,	300.115,	0.0,	0.0,	0.0,	NaN,	299.615,	1.939
17.876078,	9.647,	9.032,	308.141,	55.692,	43.1,	306.609,	0.0,	0.0,	0.0,	NaN,	300.112,	0.0,	0.0,	0.0,	NaN,	299.615,	1.939
18.007944,	8.495,	7.96,	308.141,	55.713,	43.206,	306.609,	0.0,	0.0,	0.0,	NaN,	300.112,	0.0,	0.0,	0.0,	NaN,	299.612,	1.956
18.139616,	8.106,	7.617,	308.141,	55.687,	43.126,	306.609,	0.0,	0.0,	0.0,	NaN,	300.112,	0.0,	0.0,	0.0,	NaN,	299.612,	1.957
18.274927,	8.274,	7.797,	308.143,	55.642,	42.947,	306.609,	0.0,	0.0,	0.0,	NaN,	300.112,	0.0,	0.0,	0.0,	NaN,	299.612,	1.956
18.41383,	9.786,	9.185,	308.143,	55.642,	42.943,	306.609,	0.0,	0.0,	0.0,	NaN,	300.112,	0.0,	0.0,	0.0,	NaN,	299.612,	1.957
18.542086,	9.691,	9.077,	308.143,	55.683,	43.081,	306.609,	0.0,	0.0,	0.0,	NaN,	300.112,	0.0,	0.0,	0.0,	NaN,	299.615,	1.957
18.681198,	8.655,	8.108,	308.143,	55.717,	43.196,	306.609,	0.0,	0.0,	0.0,	NaN,	300.112,	0.0,	0.0,	0.0,	NaN,	299.615,	1.956
18.814804,	8.145,	7.65,	308.145,	55.702,	43.15,	306.609,	0.0,	0.0,	0.0,	NaN,	300.108,	0.0,	0.0,	0.0,	NaN,	299.612,	1.957
18.953241,	8.324,	7.851,	308.145,	55.653,	42.981,	306.613,	0.0,	0.0,	0.0,	NaN,	300.108,	0.0,	0.0,	0.0,	NaN,	299.612,	1.956
19.086563,	9.747,	9.155,	308.145,	55.635,	42.925,	306.613,	0.0,	0.0,	0.0,	NaN,	300.108,	0.0,	0.0,	0.0,	NaN,	299.615,	1.957
19.241543,	9.723,	9.108,	308.145,	55.671,	43.065,	306.613,	0.0,	0.0,	0.0,	NaN,	300.105,	0.0,	0.0,	0.0,	NaN,	299.612,	1.956
19.374266,	8.611,	8.067,	308.143,	55.712,	43.196,	306.613,	0.0,	0.0,	0.0,	NaN,	300.101,	0.0,	0.0,	0.0,	NaN,	299.612,	1.956
19.51051,	8.133,	7.64,	308.143,	55.705,	43.139,	306.611,	0.0,	0.0,	0.0,	NaN,	300.101,	0.0,	0.0,	0.0,	NaN,	299.612,	1.957
19.650343,	8.392,	7.922,	308.143,	55.66,	42.964,	306.611,	0.0,	0.0,	0.0,	NaN,	300.101,	0.0,	0.0,	0.0,	NaN,	299.608,	1.938
19.782396,	9.756,	9.161,	308.143,	55.633,	42.926,	306.611,	0.0,	0.0,	0.0,	NaN,	300.101,	0.0,	0.0,	0.0,	NaN,	299.608,	1.938
19.91072,	9.748,	9.133,	308.145,	55.66,	43.047,	306.611,	0.0,	0.0,	0.0,	NaN,	300.098,	0.0,	0.0,	0.0,	NaN,	299.608,	1.938
20.054508,	8.799,	8.241,	308.145,	55.702,	43.176,	306.613,	0.0,	0.0,	0.0,	NaN,	300.094,	0.0,	0.0,	0.0,	NaN,	299.605,	1.938
20.182737,	8.185,	7.684,	308.145,	55.712,	43.156,	306.613,	0.0,	0.0,	0.0,	NaN,	300.094,	0.0,	0.0,	0.0,	NaN,	299.608,	1.938
20.314905,	8.197,	7.72,	308.145,	55.671,	42.992,	306.613,	0.0,	0.0,	0.0,	NaN,	300.091,	0.0,	0.0,	0.0,	NaN,	299.605,	1.938
20.445614,	9.679,	9.097,	308.143,	55.635,	42.9,	306.613,	0.0,	0.0,	0.0,	NaN,	300.091,	0.0,	0.0,	0.0,	NaN,	299.605,	1.938
20.577082,	9.79,	9.178,	308.143,	55.644,	42.996,	306.611,	0.0,	0.0,	0.0,	NaN,	300.091,	0.0,	0.0,	0.0,	NaN,	299.605,	1.938
20.702034,	9.163,	8.579,	308.143,	55.684,	43.146,	306.611,	0.0,	0.0,	0.0,	NaN,	300.091,	0.0,	0.0,	0.0,	NaN,	299.605,	1.938
20.837782,	8.252,	7.743,	308.145,	55.714,	43.173,	306.611,	0.0,	0.0,	0.0,	NaN,	300.088,	0.0,	0.0,	0.0,	NaN,	299.605,	1.938
20.980648,	8.107,	7.628,	308.145,	55.69,	43.031,	306.611,	0.0,	0.0,	0.0,	NaN,	300.088,	0.0,	0.0,	0.0,	NaN,	299.605,	1.938
21.1131,	9.523,	8.963,	308.145,	55.641,	42.893,	306.609,	0.0,	0.0,	0.0,	NaN,	300.084,	0.0,	0.0,	0.0,	NaN,	299.601,	1.938
21.242683,	9.792,	9.183,	308.145,	55.633,	42.969,	306.609,	0.0,	0.0,	0.0,	NaN,	300.084,	0.0,	0.0,	0.0,	NaN,	299.601,	1.938
21.373997,	9.24,	8.65,	308.147,	55.671,	43.131,	306.609,	0.0,	0.0,	0.0,	NaN,	300.084,	0.0,	0.0,	0.0,	NaN,	299.601,	1.961
21.510195,	8.413,	7.886,	308.147,	55.705,	43.186,	306.609,	0.0,	0.0,	0.0,	NaN,	300.084,	0.0,	0.0,	0.0,	NaN,	299.601,	1.961
21.635992,	8.088,	7.604,	308.147,	55.707,	43.085,	306.609,	0.0,	0.0,	0.0,	NaN,	300.084,	0.0,	0.0,	0.0,	NaN,	299.601,	1.961
21.76676,	8.426,	8.519,	308.147,	55.664,	42.914,	306.609,	0.0,	0.0,	0.0,	NaN,	300.077,	0.0,	0.0,	0.0,	NaN,	299.601,	1.961
21.896511,	9.786,	9.182,	308.145,	55.63,	42.939,	306.609,	0.0,	0.0,	0.0,	NaN,	300.081,	0.0,	0.0,	0.0,	NaN,	299.601,	1.961
22.030525,	9.608,	8.994,	308.145,	55.652,	43.084,	306.609,	0.0,	0.0,	0.0,	NaN,	300.077,	0.0,	0.0,	0.0,	NaN,	299.601,	1.961
22.157558,	8.551,	8.012,	308.145,	55.693,	43.177,	306.609,	0.0,	0.0,	0.0,	NaN,	300.077,	0.0,	0.0,	0.0,	NaN,	299.601,	1.961
22.298775,	8.115,	7.625,	308.145,	55.709,	43.117,	306.609,	0.0,	0.0,	0.0,	NaN,	300.077,	0.0,	0.0,	0.0,	NaN,	299.601,	1.961
22.425497,	8.313,	7.839,	308.143,	55.677,	42.935,	306.609,	0.0,	0.0,	0.0,	NaN,	300.077,	0.0,	0.0,	0.0,	NaN,	299.598,	1.961
22.556633,	9.742,	9.151,	308.143,	55.64,	42.901,	306.609,	0.0,	0.0,	0.0,	NaN,	300.074,	0.0,	0.0,	0.0,	NaN,	299.601,	1.961
22.681318,	9.76,	9.146,	308.143,	55.634,	43.023,	306.609,	0.0,	0.0,	0.0,	NaN,	300.074,	0.0,	0.0,	0.0,	NaN,	299.598,	1.961
22.81293,	8.855,	8.293,	308.143,	55.673,	43.156,	306.609,	0.0,	0.0,	0.0,	NaN,	300.074,	0.0,	0.0,	0.0,	NaN,	299.598,	1.961
22.94161,	8.243,	7.735,	308.141,	55.704,	43.157,	306.609,	0.0,	0.0,	0.0,	NaN,	300.074,	0.0,	0.0,	0.0,	NaN,	299.598,	1.96
23.067179,	8.112,	7.634,	308.141,	55.701,	43.013,	306.609,	0.0,	0.0,	0.0,	NaN,	300.07,	0.0,	0.0,	0.0,	NaN,	299.594,	1.938
23.203363,	9.649,	9.073,	308.141,	55.649,	42.885,	306.609,	0.0,	0.0,	0.0,	NaN,	300.07,	0.0,	0.0,	0.0,	NaN,	299.594,	1.938
23.340181,	9.787,	9.175,	308.141,	55.632,	42.992,	306.609,	0.0,	0.0,	0.0,	NaN,	300.07,	0.0,	0.0,	0.0,	NaN,	299.598,	1.938
23.4715,	9.089,	8.51,	308.143,	55.658,	43.135,	306.609,	0.0,	0.0,	0.0,	NaN,	300.067,	0.0,	0.0,	0.0,	NaN,	299.594,	1.938
23.60658,	8.332,	7.814,	308.143,	55.694,	43.17,	306.609,	0.0,	0.0,	0.0,	NaN,	300.063,	0.0,	0.0,	0.0,	NaN,	299.594,	1.939
23.739851,	8.095,	7.616,	308.143,	55.706,	43.021,	306.609,	0.0,	0.0,	0.0,	NaN,	300.067,	0.0,	0.0,	0.0,	NaN,	299.591,	1.938
23.875462,	9.474,	8.92,	308.143,	55.668,	42.878,	306.609,	0.0,	0.0,	0.0,	NaN,	300.067,	0.0,	0.0,	0.0,	NaN,	299.591,	1.938
24.006054,	9.813,	9.199,	308.145,	55.631,	42.956,	306.609,	0.0,	0.0,	0.0,	NaN,	300.067,	0.0,	0.0,	0.0,	NaN,	299.594,	1.938
24.138887,	9.331,	8.728,	308.145,	55.641,	43.102,	306.613,	0.0,	0.0,	0.0,	NaN,	300.067,	0.0,	0.0,	0.0,	NaN,	299.591,	1.939
24.273363,	8.413,	7.881,	308.145,	55.688,	43.163,	306.613,	0.0,	0.0,	0.0,	NaN,	300.067,	0.0,	0.0,	0.0,	NaN,	299.591,	1.938
24.413134,	8.13,	7.636,	308.145,	55.709,	43.053,	306.613,	0.0,	0.0,	0.0,	NaN,	300.063,	0.0,	0.0,	0.0,	NaN,	299.591,	1.938
24.546679,	9.182,	8.67,	308.143,	55.683,	42.885,	306.613,	0.0,	0.0,	0.0,	NaN,	300.067,	0.0,	0.0,	0.0,	NaN,	299.591,	1.938
24.678026,	9.845,	9.23,	308.143,	55.637,	42.926,	306.611,	0.0,	0.0,	0.0,	NaN,	300.063,	0.0,	0.0,	0.0,	NaN,	299.591,	1.938
24.81213,	9.608,	8.983,	308.143,	55.632,	43.071,	306.611,	0.0,	0.0,	0.0,	NaN,	300.063,	0.0,	0.0,	0.0,	NaN,	299.591,	1.963
24.945414,	8.576,	8.027,	308.143,	55.672,	43.161,	306.611,	0.0,	0.0,	0.0,	NaN,	300.06,	0.0,	0.0,	0.0,	NaN,	299.591,	1.963
25.078354,	8.185,	7.68,	308.141,	55.703,	43.085,	306.611,	0.0,	0.0,	0.0,	NaN,	300.06,	0.0,	0.0,	0.0,	NaN,	299.591,	1.963
25.212301,	8.483,	7.841,	308.141,	55.695,	42.908,	306.609,	0.0,	0.0,	0.0,	NaN,	300.063,	0.0,	0.0,	0.0,	NaN,	299.594,	1.963
25.350231,	9.867,	9.253,	308.141,	55.649,	42.9,	306.609,	0.0,	0.0,	0.0,	NaN,	300.06,	0.0,	0.0,	0.0,	NaN,	299.591,	1.962
25.483675,	9.794,	9.165,	308.141,	55.626,	43.034,	306.609,	0.0,	0.0,	0.0,	NaN,	300.06,	0.0,	0.0,	0.0,	NaN,	299.591,	1.963
25.640875,	8.582,	8.029,	308.143,	55.665,	43.156,	306.609,	0.0,	0.0,	0.0,	NaN,	300.063,	0.0,	0.0,	0.0,	NaN,	299.591,	1.963
25.775934,	8.213,	7.703,	308.143,	55.702,	43.071,	306.609,	0.0,	0.0,	0.0,	NaN,	300.063,	0.0,	0.0,	0.0,	NaN,	299.591,	1.963
25.909946,	8.408,	7.911,	308.143,	55.697,	42.895,	306.609,	0.0,	0.0,	0.0,	NaN,	300.06,	0.0,	0.0,	0.0,	NaN,	299.591,	1.963
26.036747,	9.889,	9.274,	308.145,	55.66,	42.888,	306.609,	0.0,	0.0,	0.0,	NaN,	300.063,	0.0,	0.0,	0.0,	NaN,	299.594,	1.963
26.167528,	9.813,	9.179,	308.145,	55.627,	43.04,	306.609,	0.0,	0.0,	0.0,	NaN,	300.06,	0.0,	0.0,	0.0,	NaN,	299.594,	1.963
26.301992,	8.89,	8.311,	308.145,	55.644,	43.143,	306.609,	0.0,	0.0,	0.0,	NaN,	300.06,	0.0,	0.0,	0.0,	NaN,	299.594,	1.963
26.427631,	8.319,	7.792,	308.145,	55.686,	43.115,	306.609,	0.0,	0.0,	0.0,	NaN,	300.056,	0.0,	0.0,	0.0,	NaN,	299.594,	1.963
26.56025,	8.376,	7.871,	308.143,	55.708,	42.947,	306.609,	0.0,	0.0,	0.0,	NaN,	300.056,	0.0,	0.0,	0.0,	NaN,	299.594,	1.954
26.703436,	9.909,	9.294,	308.143,	55.669,	42.875,	306.609,	0.0,	0.0,	0.0,	NaN,	300.053,	0.0,	0.0,	0.0,	NaN,	299.594,	1.954
26.848457,	9.938,	9.298,	308.143,	55.627,	43.004,	306.609,	0.0,	0.0,	0.0,	NaN,	300.056,	0.0,	0.0,	0.0,	NaN,	299.591,	1.954
26.990364,	8.889,	8.307,	308.143,	55.638,	43.139,	306.609,	0.0,	0.0,	0.0,	NaN,	300.053,	0.0,	0.0,	0.0,	NaN,	299.591,	1.954
27.122396,	8.384,	7.847,	308.141,	55.677,	43.114,	306.609,	0.0,	0.0,	0.0,	NaN,	300.053,	0.0,	0.0,	0.0,	NaN,	299.591,	1.954
27.249846,	8.366,	7.853,	308.141,	55.705,	42.952,	306.613,	0.0,	0.0,	0.0,	NaN,	300.053,	0.0,	0.0,	0.0,	NaN,	299.594,	1.954
27.378914,	9.855,	9.247,	308.141,	55.684,	42.853,	306.613,	0.0,	0.0,	0.0,	NaN,	300.053,	0.0,	0.0,	0.0,	NaN,	299.591,	1.954
27.506472,	10.017,	9.375,	308.141,	55.64,	42.946,	306.613,	0.0,	0.0,	0.0,	NaN,	300.049,	0.0,	0.0,	0.0,	NaN,	299.591,	1.954
27.636375,	9.42,	8.8,	308.139,	55.624,	43.098,	306.613,	0.0,	0.0,	0.0,	NaN,	300.049,	0.0,	0.0,	0.0,	NaN,	299.591,	1.954
27.765726,	8.556,	7.997,	308.139,	55.655,	43.134,	306.611,	0.0,	0.0,	0.0,	NaN,	300.049,	0.0,	0.0,	0.0,	NaN,	299.591,	1.954
27.900448,	8.312,	7.789,	308.139,	55.693,	43.012,	306.611,	0.0,	0.0,	0.0,	NaN,	300.049,	0.0,	0.0,	0.0,	NaN,	299.594,	1.954
28.030003,	9.536,	8.969,	308.139,	55.699,	42.853,	306.611,	0.0,	0.0,	0.0,	NaN,	300.053,	0.0,	0.0,	0.0,	NaN,	299.591,	1.954
28.162989,	10.058,	9.415,	308.141,	55.657,	42.915,	306.611,	0.0,	0.0,	0.0,	NaN,	300.049,	0.0,	0.0,	0.0,	NaN,	299.594,	1.954
28.292137,	9.693,	9.047,	308.141,	55.623,	43.067,	306.609,	0.0,	0.0,	0.0,	NaN,	300.053,	0.0,	0.0,	0.0,	NaN,	299.591,	2.015
28.420773,	8.796,	8.214,	308.141,	55.634,	43.135,	306.609,	0.0,	0.0,	0.0,	NaN,	300.053,	0.0,	0.0,	0.0,	NaN,	299.591,	2.014
28.548866,	8.378,	7.84,	308.141,	55.676,	43.058,	306.609,	0.0,	0.0,	0.0,	NaN,	300.053,	0.0,	0.0,	0.0,	NaN,	299.594,	2.014
28.712446,	9.433,	8.881,	308.143,	55.702,	42.851,	306.609,	0.0,	0.0,	0.0,	NaN,	300.053,	0.0,	0.0,	0.0,	NaN,	299.594,	2.015
28.840988,	10.095,	9.45,	308.143,	55.662,	42.895,	306.609,	0.0,	0.0,	0.0,	NaN,	300.053,	0.0,	0.0,	0.0,	NaN,	299.594,	2.015
28.969662,	9.832,	9.177,	308.143,	55.622,	43.049,	306.609,	0.0,	0.0,	0.0,	NaN,	300.053,	0.0,	0.0,	0.0,	NaN,	299.594,	2.014
29.119116,	8.801,	8.216,	308.145,	55.63,	43.133,	306.609,	0.0,	0.0,	0.0,	NaN,	300.056,	0.0,	0.0,	0.0,	NaN,	299.598,	2.014
29.244549,	8.405,	7.864,	308.145,	55.673,	43.045,	306.609,	0.0,	0.0,	0.0,	NaN,	300.053,	0.0,	0.0,	0.0,	NaN,	299.598,	2.014
29.377104,	8.572,	8.045,	308.145,	55.7,	42.868,	306.609,	0.0,	0.0,	0.0,	NaN,	300.056,	0.0,	0.0,	0.0,	NaN,	299.594,	2.015
29.505297,	10.091,	9.453,	308.145,	55.687,	42.858,	306.609,	0.0,	0.0,	0.0,	NaN,	300.056,	0.0,	0.0,	0.0,	NaN,	299.594,	2.015
29.630438,	10.1,	9.44,	308.143,	55.637,	42.992,	306.609,	0.0,	0.0,	0.0,	NaN,	300.056,	0.0,	0.0,	0.0,	NaN,	299.594,	2.015
29.769194,	9.12,	8.51,	308.143,	55.62,	43.118,	306.609,	0.0,	0.0,	0.0,	NaN,	300.056,	0.0,	0.0,	0.0,	NaN,	299.594,	2.014
29.902235,	8.486,	7.932,	308.143,	55.655,	43.064,	306.613,	0.0,	0.0,	0.0,	NaN,	300.053,	0.0,	0.0,	0.0,	NaN,	299.598,	2.015
30.039085,	8.663,	8.135,	308.143,	55.694,	42.894,	306.613,	0.0,	0.0,	0.0,	NaN,	300.056,	0.0,	0.0,	0.0,	NaN,	299.598,	2.015
30.1855,	10.147,	9.503,	308.141,	55.69,	42.853,	306.613,	0.0,	0.0,	0.0,	NaN,	300.056,	0.0,	0.0,	0.0,	NaN,	299.594,	2.015
30.31702,	10.171,	9.507,	308.141,	55.647,	42.966,	306.615,	0.0,	0.0,	0.0,	NaN,	300.056,	0.0,	0.0,	0.0,	NaN,	299.598,	2.015
30.44986,	9.244,	8.624,	308.141,	55.619,	43.1,	306.615,	0.0,	0.0,	0.0,	NaN,	300.06,	0.0,	0.0,	0.0,	NaN,	299.598,	2.015
30.592306,	8.547,	7.985,	308.141,	55.644,	43.071,	306.615,	0.0,	0.0,	0.0,	NaN,	300.06,	0.0,	0.0,	0.0,	NaN,	299.598,	2.015
30.71994,	8.619,	8.08,	308.143,	55.686,	42.897,	306.615,	0.0,	0.0,	0.0,	NaN,	300.06,	0.0,	0.0,	0.0,	NaN,	299.598,	2.015
30.851044,	10.121,	9.484,	308.143,	55.693,	42.825,	306.613,	0.0,	0.0,	0.0,	NaN,	300.056,	0.0,	0.0,	0.0,	NaN,	299.598,	2.015
30.984598,	10.241,	9.576,	308.143,	55.664,	42.932,	306.613,	0.0,	0.0,	0.0,	NaN,	300.06,	0.0,	0.0,	0.0,	NaN,	299.601,	2.015
31.11309,	9.523,	8.884,	308.143,	55.622,	43.077,	306.613,	0.0,	0.0,	0.0,	NaN,	300.056,	0.0,	0.0,	0.0,	NaN,	299.598,	2.015
31.244486,	8.709,	8.127,	308.141,	55.625,	43.094,	306.613,	0.0,	0.0,	0.0,	NaN,	300.056,	0.0,	0.0,	0.0,	NaN,	299.598,	2.015
31.392653,	8.539,	7.993,	308.141,	55.675,	42.929,	306.611,	0.0,	0.0,	0.0,	NaN,	300.056,	0.0,	0.0,	0.0,	NaN,	299.601,	2.015
31.520914,	10.02,	9.395,	308.141,	55.698,	42.812,	306.611,	0.0,	0.0,	0.0,	NaN,	300.056,	0.0,	0.0,	0.0,	NaN,	299.598,	2.015
31.654629,	10.286,	9.618,	308.141,	55.675,	42.91,	306.611,	0.0,	0.0,	0.0,	NaN,	300.056,	0.0,	0.0,	0.0,	NaN,	299.601,	2.088
31.78695,	9.781,	9.122,	308.139,	55.633,	43.044,	306.611,	0.0,	0.0,	0.0,	NaN,	300.056,	0.0,	0.0,	0.0,	NaN,	299.601,	2.088
31.910627,	8.851,	8.254,	308.139,	55.619,	43.097,	306.613,	0.0,	0.0,	0.0,	NaN,	300.056,	0.0,	0.0,	0.0,	NaN,	299.601,	2.088
32.035767,	8.534,	7.976,	308.139,	55.65,	42.977,	306.613,	0.0,	0.0,	0.0,	NaN,	300.056,	0.0,	0.0,	0.0,	NaN,	299.598,	2.088
32.171703,	9.592,	9.022,	308.139,	55.692,	42.814,	306.613,	0.0,	0.0,	0.0,	NaN,	300.056,	0.0,	0.0,	0.0,	NaN,	299.601,	2.088
32.329964,	10.322,	9.653,	308.141,	55.687,	42.872,	306.613,	0.0,	0.0,	0.0,	NaN,	300.06,	0.0,	0.0,	0.0,	NaN,	299.598,	2.088
32.463535,	9.914,	9.244,	308.141,	55.639,	43.021,	306.615,	0.0,	0.0,	0.0,	NaN,	300.056,	0.0,	0.0,	0.0,	NaN,	299.601,	2.088
32.593952,	8.938,	8.332,	308.141,	55.617,	43.088,	306.615,	0.0,	0.0,	0.0,	NaN,	300.053,	0.0,	0.0,	0.0,	NaN,	299.601,	2.088
32.721428,	8.578,	8.013,	308.143,	55.641,	42.982,	306.615,	0.0,	0.0,	0.0,	NaN,	300.056,	0.0,	0.0,	0.0,	NaN,	299.601,	2.089
32.85332,	9.474,	8.916,	308.143,	55.684,	42.811,	306.615,	0.0,	0.0,	0.0,	NaN,	300.053,	0.0,	0.0,	0.0,	NaN,	299.601,	2.088
32.99145,	10.347,	9.681,	308.143,	55.696,	42.841,	306.617,	0.0,	0.0,	0.0,	NaN,	300.056,	0.0,	0.0,	0.0,	NaN,	299.605,	2.088
33.118862,	10.282,	9.601,	308.143,	55.664,	42.964,	306.617,	0.0,	0.0,	0.0,	NaN,	300.056,	0.0,	0.0,	0.0,	NaN,	299.605,	2.088
33.25739,	9.124,	8.502,	308.145,	55.62,	43.083,	306.617,	0.0,	0.0,	0.0,	NaN,	300.056,	0.0,	0.0,	0.0,	NaN,	299.605,	2.088
33.407387,	8.626,	8.054,	308.145,	55.634,	42.992,	306.615,	0.0,	0.0,	0.0,	NaN,	300.056,	0.0,	0.0,	0.0,	NaN,	299.605,	2.091
33.53488,	8.824,	8.273,	308.145,	55.675,	42.811,	306.615,	0.0,	0.0,	0.0,	NaN,	300.053,	0.0,	0.0,	0.0,	NaN,	299.605,	2.091
33.666416,	10.379,	9.712,	308.145,	55.696,	42.823,	306.615,	0.0,	0.0,	0.0,	NaN,	300.056,	0.0,	0.0,	0.0,	NaN,	299.608,	2.091
33.801086,	10.3,	9.614,	308.147,	55.669,	42.964,	306.615,	0.0,	0.0,	0.0,	NaN,	300.056,	0.0,	0.0,	0.0,	NaN,	299.608,	2.091
33.94178,	9.23,	8.599,	308.147,	55.621,	43.071,	306.613,	0.0,	0.0,	0.0,	NaN,	300.056,	0.0,	0.0,	0.0,	NaN,	299.608,	2.091
34.079178,	8.708,	8.125,	308.147,	55.623,	43.009,	306.613,	0.0,	0.0,	0.0,	NaN,	300.056,	0.0,	0.0,	0.0,	NaN,	299.608,	2.091
34.21242,	8.929,	8.225,	308.147,	55.66,	42.836,	306.613,	0.0,	0.0,	0.0,	NaN,	300.06,	0.0,	0.0,	0.0,	NaN,	299.608,	2.091
34.343456,	10.375,	9.715,	308.149,	55.694,	42.793,	306.613,	0.0,	0.0,	0.0,	NaN,	300.06,	0.0,	0.0,	0.0,	NaN,	299.605,	2.091
34.471577,	10.431,	9.745,	308.149,	55.68,	42.926,	306.611,	0.0,	0.0,	0.0,	NaN,	300.063,	0.0,	0.0,	0.0,	NaN,	299.605,	2.091
34.6149,	9.468,	8.821,	308.149,	55.629,	43.048,	306.611,	0.0,	0.0,	0.0,	NaN,	300.06,	0.0,	0.0,	0.0,	NaN,	299.605,	2.091
34.743385,	8.812,	8.216,	308.149,	55.614,	43.029,	306.611,	0.0,	0.0,	0.0,	NaN,	300.063,	0.0,	0.0,	0.0,	NaN,	299.605,	2.091
34.876553,	8.773,	8.206,	308.147,	55.643,	42.861,	306.611,	0.0,	0.0,	0.0,	NaN,	300.063,	0.0,	0.0,	0.0,	NaN,	299.605,	2.091
35.010475,	10.319,	9.669,	308.147,	55.683,	42.767,	306.613,	0.0,	0.0,	0.0,	NaN,	300.063,	0.0,	0.0,	0.0,	NaN,	299.605,	2.091
35.142857,	10.509,	9.822,	308.147,	55.69,	42.884,	306.613,	0.0,	0.0,	0.0,	NaN,	300.063,	0.0,	0.0,	0.0,	NaN,	299.605,	2.169
35.27656,	9.747,	9.084,	308.147,	55.649,	43.026,	306.613,	0.0,	0.0,	0.0,	NaN,	300.063,	0.0,	0.0,	0.0,	NaN,	299.601,	2.169
35.421112,	8.882,	8.278,	308.149,	55.612,	43.022,	306.613,	0.0,	0.0,	0.0,	NaN,	300.063,	0.0,	0.0,	0.0,	NaN,	299.601,	2.17
35.549694,	8.73,	8.157,	308.149,	55.624,	42.888,	306.611,	0.0,	0.0,	0.0,	NaN,	300.063,	0.0,	0.0,	0.0,	NaN,	299.608,	2.17
35.686825,	10.173,	9.54,	308.149,	55.67,	42.752,	306.611,	0.0,	0.0,	0.0,	NaN,	300.063,	0.0,	0.0,	0.0,	NaN,	299.605,	2.169
35.82393,	10.556,	9.868,	308.152,	55.691,	42.862,	306.611,	0.0,	0.0,	0.0,	NaN,	300.063,	0.0,	0.0,	0.0,	NaN,	299.605,	2.169
35.959538,	9.879,	9.209,	308.152,	55.657,	43.001,	306.611,	0.0,	0.0,	0.0,	NaN,	300.063,	0.0,	0.0,	0.0,	NaN,	299.608,	2.17
36.089222,	9.013,	8.396,	308.152,	55.614,	43.026,	306.609,	0.0,	0.0,	0.0,	NaN,	300.06,	0.0,	0.0,	0.0,	NaN,	299.608,	2.17
36.222637,	8.756,	8.177,	308.152,	55.619,	42.887,	306.609,	0.0,	0.0,	0.0,	NaN,	300.063,	0.0,	0.0,	0.0,	NaN,	299.608,	2.17
36.353333,	10.103,	9.48,	308.154,	55.662,	42.743,	306.609,	0.0,	0.0,	0.0,	NaN,	300.06,	0.0,	0.0,	0.0,	NaN,	299.608,	2.17
36.494095,	10.591,	9.905,	308.154,	55.691,	42.819,	306.609,	0.0,	0.0,	0.0,	NaN,	300.056,	0.0,	0.0,	0.0,	NaN,	299.608,	2.17
36.62377,	10.135,	9.446,	308.154,	55.674,	42.971,	306.613,	0.0,	0.0,	0.0,	NaN,	300.056,	0.0,	0.0,	0.0,	NaN,	299.608,	2.169
36.76382,	9.093,	8.469,	308.154,	55.619,	43.019,	306.613,	0.0,	0.0,	0.0,	NaN,	300.056,	0.0,	0.0,	0.0,	NaN,	299.608,	2.18
36.90011,	8.789,	8.205,	308.152,	55.613,	42.892,	306.613,	0.0,	0.0,	0.0,	NaN,	300.06,	0.0,	0.0,	0.0,	NaN,	299.612,	2.18
37.03564,	10.014,	9.405,	308.152,	55.65,	42.736,	306.611,	0.0,	0.0,	0.0,	NaN,	300.056,	0.0,	0.0,	0.0,	NaN,	299.612,	2.18
37.176067,	10.626,	9.939,	308.152,	55.686,	42.798,	306.611,	0.0,	0.0,	0.0,	NaN,	300.056,	0.0,	0.0,	0.0,	NaN,	299.612,	2.18
37.30681,	10.275,	9.576,	308.152,	55.679,	42.946,	306.611,	0.0,	0.0,	0.0,	NaN,	300.056,	0.0,	0.0,	0.0,	NaN,	299.612,	2.18
37.44293,	9.258,	8.62,	308.154,	55.636,	43.017,	306.611,	0.0,	0.0,	0.0,	NaN,	300.056,	0.0,	0.0,	0.0,	NaN,	299.612,	2.18
37.58122,	8.845,	8.252,	308.154,	55.609,	42.92,	306.609,	0.0,	0.0,	0.0,	NaN,	300.056,	0.0,	0.0,	0.0,	NaN,	299.612,	2.18
37.721367,	9.908,	9.315,	308.154,	55.64,	42.729,	306.609,	0.0,	0.0,	0.0,	NaN,	300.053,	0.0,	0.0,	0.0,	NaN,	299.612,	2.18
37.860928,	10.661,	9.974,	308.154,	55.679,	42.777,	306.609,	0.0,	0.0,	0.0,	NaN,	300.056,	0.0,	0.0,	0.0,	NaN,	299.612,	2.18
38.0055,	10.258,	9.561,	308.152,	55.68,	42.943,	306.609,	0.0,	0.0,	0.0,	NaN,	300.056,	0.0,	0.0,	0.0,	NaN,	299.612,	2.18
38.13269,	9.268,	8.629,	308.152,	55.638,	43.004,	306.613,	0.0,	0.0,	0.0,	NaN,	300.056,	0.0,	0.0,	0.0,	NaN,	299.612,	2.18
38.267857,	8.898,	8.298,	308.152,	55.61,	42.919,	306.613,	0.0,	0.0,	0.0,	NaN,	300.06,	0.0,	0.0,	0.0,	NaN,	299.612,	2.18
38.39733,	9.78,	9.2,	308.149,	55.63,	42.728,	306.613,	0.0,	0.0,	0.0,	NaN,	300.06,	0.0,	0.0,	0.0,	NaN,	299.605,	2.18
38.538345,	10.69,	10.005,	308.149,	55.673,	42.756,	306.613,	0.0,	0.0,	0.0,	NaN,	300.06,	0.0,	0.0,	0.0,	NaN,	299.608,	2.269
38.66628,	10.633,	9.93,	308.149,	55.686,	42.878,	306.611,	0.0,	0.0,	0.0,	NaN,	300.063,	0.0,	0.0,	0.0,	NaN,	299.605,	2.269
38.79146,	9.562,	8.905,	308.149,	55.659,	42.989,	306.611,	0.0,	0.0,	0.0,	NaN,	300.06,	0.0,	0.0,	0.0,	NaN,	299.605,	2.269
38.924706,	8.988,	8.378,	308.147,	55.614,	42.937,	306.611,	0.0,	0.0,	0.0,	NaN,	300.063,	0.0,	0.0,	0.0,	NaN,	299.605,	2.269
39.056816,	9.117,	8.541,	308.147,	55.615,	42.764,	306.611,	0.0,	0.0,	0.0,	NaN,	300.063,	0.0,	0.0,	0.0,	NaN,	299.608,	2.269
39.1998,	10.691,	10.012,	308.147,	55.66,	42.724,	306.613,	0.0,	0.0,	0.0,	NaN,	300.063,	0.0,	0.0,	0.0,	NaN,	299.608,	2.269
39.343006,	10.708,	10.004,	308.147,	55.69,	42.86,	306.613,	0.0,	0.0,	0.0,	NaN,	300.063,	0.0,	0.0,	0.0,	NaN,	299.608,	2.269
39.477325,	9.679,	9.015,	308.149,	55.67,	42.978,	306.613,	0.0,	0.0,	0.0,	NaN,	300.067,	0.0,	0.0,	0.0,	NaN,	299.605,	2.269
39.6045,	9.053,	8.436,	308.149,	55.623,	42.939,	306.615,	0.0,	0.0,	0.0,	NaN,	300.067,	0.0,	0.0,	0.0,	NaN,	299.608,	2.269
39.73629,	9.071,	8.487,	308.149,	55.61,	42.767,	306.615,	0.0,	0.0,	0.0,	NaN,	300.067,	0.0,	0.0,	0.0,	NaN,	299.608,	2.269
39.86377,	10.559,	9.9,	308.149,	55.638,	42.689,	306.615,	0.0,	0.0,	0.0,	NaN,	300.063,	0.0,	0.0,	0.0,	NaN,	299.608,	2.269
39.996616,	10.807,	10.108,	308.147,	55.678,	42.795,	306.615,	0.0,	0.0,	0.0,	NaN,	300.067,	0.0,	0.0,	0.0,	NaN,	299.612,	2.269
40.126976,	10.092,	9.408,	308.147,	55.683,	42.94,	306.613,	0.0,	0.0,	0.0,	NaN,	300.067,	0.0,	0.0,	0.0,	NaN,	299.612,	2.269
40.259693,	9.232,	8.598,	308.147,	55.643,	42.957,	306.613,	0.0,	0.0,	0.0,	NaN,	300.067,	0.0,	0.0,	0.0,	NaN,	299.612,	2.3
40.399498,	8.996,	8.403,	308.147,	55.609,	42.796,	306.613,	0.0,	0.0,	0.0,	NaN,	300.067,	0.0,	0.0,	0.0,	NaN,	299.612,	2.3
40.533234,	10.525,	9.872,	308.149,	55.616,	42.676,	306.613,	0.0,	0.0,	0.0,	NaN,	300.067,	0.0,	0.0,	0.0,	NaN,	299.612,	2.3
40.668716,	10.838,	10.142,	308.149,	55.669,	42.758,	306.611,	0.0,	0.0,	0.0,	NaN,	300.063,	0.0,	0.0,	0.0,	NaN,	299.608,	2.3
40.791553,	10.345,	9.646,	308.149,	55.692,	42.907,	306.611,	0.0,	0.0,	0.0,	NaN,	300.067,	0.0,	0.0,	0.0,	NaN,	299.612,	2.299
40.937153,	9.312,	8.671,	308.149,	55.656,	42.952,	306.611,	0.0,	0.0,	0.0,	NaN,	300.063,	0.0,	0.0,	0.0,	NaN,	299.612,	2.299
41.078693,	8.998,	8.398,	308.147,	55.612,	42.82,	306.611,	0.0,	0.0,	0.0,	NaN,	300.063,	0.0,	0.0,	0.0,	NaN,	299.612,	2.3
41.208282,	10.287,	9.663,	308.147,	55.615,	42.667,	306.609,	0.0,	0.0,	0.0,	NaN,	300.067,	0.0,	0.0,	0.0,	NaN,	299.615,	2.3
41.333084,	10.859,	10.166,	308.147,	55.649,	42.72,	306.609,	0.0,	0.0,	0.0,	NaN,	300.067,	0.0,	0.0,	0.0,	NaN,	299.615,	2.3
41.4606,	10.636,	9.921,	308.147,	55.684,	42.867,	306.609,	0.0,	0.0,	0.0,	NaN,	300.063,	0.0,	0.0,	0.0,	NaN,	299.615,	2.3
41.59146,	9.562,	8.903,	308.145,	55.677,	42.949,	306.609,	0.0,	0.0,	0.0,	NaN,	300.063,	0.0,	0.0,	0.0,	NaN,	299.619,	2.3
41.728645,	9.078,	8.465,	308.145,	55.623,	42.862,	306.609,	0.0,	0.0,	0.0,	NaN,	300.067,	0.0,	0.0,	0.0,	NaN,	299.619,	2.3
41.85814,	9.353,	8.595,	308.145,	55.605,	42.686,	306.609,	0.0,	0.0,	0.0,	NaN,	300.063,	0.0,	0.0,	0.0,	NaN,	299.619,	2.3
41.99111,	10.863,	10.176,	308.145,	55.634,	42.687,	306.609,	0.0,	0.0,	0.0,	NaN,	300.063,	0.0,	0.0,	0.0,	NaN,	299.619,	2.355
42.118813,	10.842,	10.132,	308.147,	55.677,	42.825,	306.609,	0.0,	0.0,	0.0,	NaN,	300.067,	0.0,	0.0,	0.0,	NaN,	299.622,	2.356
42.25303,	9.772,	9.101,	308.147,	55.682,	42.935,	306.613,	0.0,	0.0,	0.0,	NaN,	300.067,	0.0,	0.0,	0.0,	NaN,	299.622,	2.356
42.397827,	9.134,	8.515,	308.147,	55.633,	42.864,	306.613,	0.0,	0.0,	0.0,	NaN,	300.063,	0.0,	0.0,	0.0,	NaN,	299.622,	2.356
42.53021,	9.267,	8.68,	308.145,	55.604,	42.687,	306.613,	0.0,	0.0,	0.0,	NaN,	300.067,	0.0,	0.0,	0.0,	NaN,	299.619,	2.356
42.66393,	10.83,	10.153,	308.145,	55.619,	42.653,	306.613,	0.0,	0.0,	0.0,	NaN,	300.063,	0.0,	0.0,	0.0,	NaN,	299.622,	2.356
42.79106,	10.948,	10.24,	308.145,	55.663,	42.779,	306.611,	0.0,	0.0,	0.0,	NaN,	300.067,	0.0,	0.0,	0.0,	NaN,	299.622,	2.355
42.94532,	9.765,	9.094,	308.145,	55.681,	42.923,	306.611,	0.0,	0.0,	0.0,	NaN,	300.07,	0.0,	0.0,	0.0,	NaN,	299.626,	2.356
43.08192,	9.191,	8.566,	308.143,	55.648,	42.865,	306.611,	0.0,	0.0,	0.0,	NaN,	300.067,	0.0,	0.0,	0.0,	NaN,	299.629,	2.356
43.21404,	9.224,	8.627,	308.143,	55.608,	42.711,	306.611,	0.0,	0.0,	0.0,	NaN,	300.07,	0.0,	0.0,	0.0,	NaN,	299.626,	2.356
43.34134,	10.824,	10.151,	308.143,	55.615,	42.638,	306.609,	0.0,	0.0,	0.0,	NaN,	300.07,	0.0,	0.0,	0.0,	NaN,	299.626,	2.356
43.47095,	10.996,	10.289,	308.143,	55.653,	42.76,	306.609,	0.0,	0.0,	0.0,	NaN,	300.07,	0.0,	0.0,	0.0,	NaN,	299.629,	2.356
43.60056,	10.147,	9.458,	308.145,	55.683,	42.895,	306.609,	0.0,	0.0,	0.0,	NaN,	300.07,	0.0,	0.0,	0.0,	NaN,	299.629,	2.356
43.734585,	9.358,	8.716,	308.145,	55.666,	42.889,	306.609,	0.0,	0.0,	0.0,	NaN,	300.07,	0.0,	0.0,	0.0,	NaN,	299.629,	2.416
43.867878,	9.152,	8.548,	308.145,	55.621,	42.737,	306.609,	0.0,	0.0,	0.0,	NaN,	300.07,	0.0,	0.0,	0.0,	NaN,	299.626,	2.416
44.00252,	10.682,	10.025,	308.145,	55.608,	42.62,	306.609,	0.0,	0.0,	0.0,	NaN,	300.067,	0.0,	0.0,	0.0,	NaN,	299.629,	2.416
44.131767,	11.031,	10.327,	308.147,	55.638,	42.72,	306.609,	0.0,	0.0,	0.0,	NaN,	300.07,	0.0,	0.0,	0.0,	NaN,	299.633,	2.416
44.273853,	10.415,	9.716,	308.147,	55.678,	42.865,	306.609,	0.0,	0.0,	0.0,	NaN,	300.07,	0.0,	0.0,	0.0,	NaN,	299.629,	2.416
44.40422,	9.497,	8.843,	308.147,	55.679,	42.896,	306.609,	0.0,	0.0,	0.0,	NaN,	300.074,	0.0,	0.0,	0.0,	NaN,	299.633,	2.416
44.531124,	9.157,	8.545,	308.147,	55.638,	42.766,	306.609,	0.0,	0.0,	0.0,	NaN,	300.074,	0.0,	0.0,	0.0,	NaN,	299.633,	2.416
44.674603,	10.436,	9.809,	308.149,	55.604,	42.61,	306.609,	0.0,	0.0,	0.0,	NaN,	300.074,	0.0,	0.0,	0.0,	NaN,	299.633,	2.416
44.799084,	11.037,	10.34,	308.149,	55.619,	42.664,	306.609,	0.0,	0.0,	0.0,	NaN,	300.07,	0.0,	0.0,	0.0,	NaN,	299.633,	2.417
44.92811,	10.832,	10.11,	308.149,	55.661,	42.809,	306.609,	0.0,	0.0,	0.0,	NaN,	300.074,	0.0,	0.0,	0.0,	NaN,	299.636,	2.416
45.05968,	9.753,	9.081,	308.149,	55.683,	42.892,	306.609,	0.0,	0.0,	0.0,	NaN,	300.074,	0.0,	0.0,	0.0,	NaN,	299.636,	2.416
45.188972,	9.245,	8.618,	308.152,	55.66,	42.81,	306.609,	0.0,	0.0,	0.0,	NaN,	300.077,	0.0,	0.0,	0.0,	NaN,	299.64,	2.416
45.319607,	9.485,	8.726,	308.152,	55.614,	42.631,	306.609,	0.0,	0.0,	0.0,	NaN,	300.077,	0.0,	0.0,	0.0,	NaN,	299.64,	2.417
45.447422,	11.033,	10.343,	308.152,	55.61,	42.629,	306.609,	0.0,	0.0,	0.0,	NaN,	300.081,	0.0,	0.0,	0.0,	NaN,	299.64,	2.451
45.580208,	11.027,	10.312,	308.152,	55.645,	42.767,	306.609,	0.0,	0.0,	0.0,	NaN,	300.081,	0.0,	0.0,	0.0,	NaN,	299.64,	2.452
45.719006,	9.961,	9.279,	308.149,	55.682,	42.881,	306.609,	0.0,	0.0,	0.0,	NaN,	300.081,	0.0,	0.0,	0.0,	NaN,	299.64,	2.451
45.84773,	9.343,	8.705,	308.149,	55.671,	42.828,	306.609,	0.0,	0.0,	0.0,	NaN,	300.084,	0.0,	0.0,	0.0,	NaN,	299.64,	2.452
45.9867,	9.4,	8.803,	308.149,	55.623,	42.651,	306.609,	0.0,	0.0,	0.0,	NaN,	300.084,	0.0,	0.0,	0.0,	NaN,	299.64,	2.451
46.120045,	10.987,	10.307,	308.149,	55.602,	42.597,	306.609,	0.0,	0.0,	0.0,	NaN,	300.084,	0.0,	0.0,	0.0,	NaN,	299.643,	2.452
46.249866,	11.124,	10.412,	308.147,	55.629,	42.728,	306.609,	0.0,	0.0,	0.0,	NaN,	300.084,	0.0,	0.0,	0.0,	NaN,	299.643,	2.451
46.39432,	10.206,	9.514,	308.147,	55.67,	42.857,	306.609,	0.0,	0.0,	0.0,	NaN,	300.088,	0.0,	0.0,	0.0,	NaN,	299.643,	2.451
46.52216,	9.458,	8.809,	308.147,	55.679,	42.843,	306.609,	0.0,	0.0,	0.0,	NaN,	300.084,	0.0,	0.0,	0.0,	NaN,	299.643,	2.452
46.647556,	9.291,	8.681,	308.147,	55.643,	42.679,	306.609,	0.0,	0.0,	0.0,	NaN,	300.088,	0.0,	0.0,	0.0,	NaN,	299.643,	2.452
46.780537,	10.873,	10.207,	308.149,	55.603,	42.575,	306.609,	0.0,	0.0,	0.0,	NaN,	300.084,	0.0,	0.0,	0.0,	NaN,	299.643,	2.451
46.913418,	11.166,	10.458,	308.149,	55.614,	42.683,	306.609,	0.0,	0.0,	0.0,	NaN,	300.088,	0.0,	0.0,	0.0,	NaN,	299.647,	2.452
47.060585,	10.331,	9.633,	308.149,	55.664,	42.841,	306.609,	0.0,	0.0,	0.0,	NaN,	300.088,	0.0,	0.0,	0.0,	NaN,	299.647,	2.531
47.209515,	9.526,	8.871,	308.152,	55.68,	42.841,	306.609,	0.0,	0.0,	0.0,	NaN,	300.088,	0.0,	0.0,	0.0,	NaN,	299.65,	2.531
47.344013,	9.291,	8.678,	308.152,	55.653,	42.682,	306.609,	0.0,	0.0,	0.0,	NaN,	300.088,	0.0,	0.0,	0.0,	NaN,	299.647,	2.531
47.471165,	10.819,	10.159,	308.152,	55.607,	42.562,	306.613,	0.0,	0.0,	0.0,	NaN,	300.091,	0.0,	0.0,	0.0,	NaN,	299.65,	2.531
47.608635,	11.192,	10.486,	308.152,	55.61,	42.663,	306.613,	0.0,	0.0,	0.0,	NaN,	300.088,	0.0,	0.0,	0.0,	NaN,	299.65,	2.531
47.739315,	10.589,	9.884,	308.154,	55.649,	42.811,	306.613,	0.0,	0.0,	0.0,	NaN,	300.088,	0.0,	0.0,	0.0,	NaN,	299.65,	2.531
47.870335,	9.664,	8.998,	308.154,	55.68,	42.84,	306.611,	0.0,	0.0,	0.0,	NaN,	300.088,	0.0,	0.0,	0.0,	NaN,	299.65,	2.531
48.00344,	9.299,	8.677,	308.154,	55.665,	42.709,	306.611,	0.0,	0.0,	0.0,	NaN,	300.091,	0.0,	0.0,	0.0,	NaN,	299.65,	2.531
48.137733,	10.541,	9.912,	308.154,	55.62,	42.555,	306.611,	0.0,	0.0,	0.0,	NaN,	300.088,	0.0,	0.0,	0.0,	NaN,	299.65,	2.531
48.267097,	11.201,	10.498,	308.156,	55.601,	42.622,	306.611,	0.0,	0.0,	0.0,	NaN,	300.091,	0.0,	0.0,	0.0,	NaN,	299.647,	2.531
48.399227,	10.843,	10.119,	308.156,	55.63,	42.772,	306.609,	0.0,	0.0,	0.0,	NaN,	300.091,	0.0,	0.0,	0.0,	NaN,	299.647,	2.531
48.531036,	9.917,	9.236,	308.156,	55.668,	42.841,	306.609,	0.0,	0.0,	0.0,	NaN,	300.091,	0.0,	0.0,	0.0,	NaN,	299.643,	2.531
48.654385,	9.388,	8.752,	308.156,	55.68,	42.758,	306.609,	0.0,	0.0,	0.0,	NaN,	300.091,	0.0,	0.0,	0.0,	NaN,	299.647,	2.531
48.78254,	9.589,	8.996,	308.158,	55.641,	42.576,	306.609,	0.0,	0.0,	0.0,	NaN,	300.094,	0.0,	0.0,	0.0,	NaN,	299.647,	2.534
48.925117,	11.169,	10.477,	308.158,	55.599,	42.571,	306.609,	0.0,	0.0,	0.0,	NaN,	300.094,	0.0,	0.0,	0.0,	NaN,	299.65,	2.533
49.058807,	11.181,	10.463,	308.158,	55.611,	42.712,	306.609,	0.0,	0.0,	0.0,	NaN,	300.094,	0.0,	0.0,	0.0,	NaN,	299.647,	2.533
49.1954,	10.124,	9.434,	308.158,	55.654,	42.828,	306.609,	0.0,	0.0,	0.0,	NaN,	300.091,	0.0,	0.0,	0.0,	NaN,	299.647,	2.534
49.33581,	9.439,	8.797,	308.156,	55.679,	42.756,	306.609,	0.0,	0.0,	0.0,	NaN,	300.091,	0.0,	0.0,	0.0,	NaN,	299.647,	2.533
49.46292,	9.51,	8.904,	308.156,	55.652,	42.583,	306.613,	0.0,	0.0,	0.0,	NaN,	300.094,	0.0,	0.0,	0.0,	NaN,	299.647,	2.534
49.593506,	11.173,	10.484,	308.156,	55.607,	42.559,	306.613,	0.0,	0.0,	0.0,	NaN,	300.094,	0.0,	0.0,	0.0,	NaN,	299.643,	2.533
49.72941,	11.238,	10.52,	308.156,	55.603,	42.689,	306.613,	0.0,	0.0,	0.0,	NaN,	300.091,	0.0,	0.0,	0.0,	NaN,	299.647,	2.533
49.865856,	10.23,	9.535,	308.158,	55.643,	42.814,	306.613,	0.0,	0.0,	0.0,	NaN,	300.094,	0.0,	0.0,	0.0,	NaN,	299.647,	2.534
50.002254,	9.545,	8.892,	308.158,	55.679,	42.777,	306.611,	0.0,	0.0,	0.0,	NaN,	300.094,	0.0,	0.0,	0.0,	NaN,	299.65,	2.534
50.131363,	9.472,	8.857,	308.158,	55.663,	42.604,	306.611,	0.0,	0.0,	0.0,	NaN,	300.091,	0.0,	0.0,	0.0,	NaN,	299.65,	2.534
50.26347,	11.101,	10.424,	308.158,	55.616,	42.531,	306.611,	0.0,	0.0,	0.0,	NaN,	300.094,	0.0,	0.0,	0.0,	NaN,	299.65,	2.534
50.39719,	11.306,	10.596,	308.156,	55.598,	42.635,	306.611,	0.0,	0.0,	0.0,	NaN,	300.094,	0.0,	0.0,	0.0,	NaN,	299.65,	2.533
50.537098,	10.488,	9.784,	308.156,	55.626,	42.79,	306.609,	0.0,	0.0,	0.0,	NaN,	300.094,	0.0,	0.0,	0.0,	NaN,	299.65,	2.609
50.671776,	9.668,	9.003,	308.156,	55.668,	42.789,	306.609,	0.0,	0.0,	0.0,	NaN,	300.094,	0.0,	0.0,	0.0,	NaN,	299.653,	2.609
50.80004,	9.409,	8.786,	308.158,	55.674,	42.634,	306.609,	0.0,	0.0,	0.0,	NaN,	300.098,	0.0,	0.0,	0.0,	NaN,	299.65,	2.609
50.92624,	10.934,	10.273,	308.158,	55.629,	42.509,	306.609,	0.0,	0.0,	0.0,	NaN,	300.098,	0.0,	0.0,	0.0,	NaN,	299.65,	2.609
51.065083,	11.328,	10.619,	308.158,	55.595,	42.61,	306.609,	0.0,	0.0,	0.0,	NaN,	300.098,	0.0,	0.0,	0.0,	NaN,	299.65,	2.609
51.198933,	10.74,	10.028,	308.158,	55.608,	42.755,	306.609,	0.0,	0.0,	0.0,	NaN,	300.098,	0.0,	0.0,	0.0,	NaN,	299.65,	2.609
51.334854,	9.806,	9.131,	308.156,	55.654,	42.793,	306.609,	0.0,	0.0,	0.0,	NaN,	300.098,	0.0,	0.0,	0.0,	NaN,	299.65,	2.609
51.46343,	9.439,	8.803,	308.156,	55.674,	42.684,	306.609,	0.0,	0.0,	0.0,	NaN,	300.094,	0.0,	0.0,	0.0,	NaN,	299.65,	2.609
51.600864,	10.647,	10.018,	308.156,	55.647,	42.505,	306.609,	0.0,	0.0,	0.0,	NaN,	300.098,	0.0,	0.0,	0.0,	NaN,	299.653,	2.609
51.739845,	11.334,	10.629,	308.156,	55.601,	42.572,	306.609,	0.0,	0.0,	0.0,	NaN,	300.091,	0.0,	0.0,	0.0,	NaN,	299.65,	2.609
51.866688,	10.992,	10.263,	308.154,	55.6,	42.726,	306.609,	0.0,	0.0,	0.0,	NaN,	300.094,	0.0,	0.0,	0.0,	NaN,	299.65,	2.609
51.99393,	9.967,	9.281,	308.154,	55.64,	42.791,	306.609,	0.0,	0.0,	0.0,	NaN,	300.094,	0.0,	0.0,	0.0,	NaN,	299.65,	2.609
52.126015,	9.516,	8.87,	308.154,	55.672,	42.708,	306.609,	0.0,	0.0,	0.0,	NaN,	300.094,	0.0,	0.0,	0.0,	NaN,	299.65,	2.609
52.257465,	9.69,	9.089,	308.154,	55.667,	42.53,	306.609,	0.0,	0.0,	0.0,	NaN,	300.098,	0.0,	0.0,	0.0,	NaN,	299.65,	2.572
52.388374,	11.297,	10.603,	308.152,	55.62,	42.522,	306.609,	0.0,	0.0,	0.0,	NaN,	300.098,	0.0,	0.0,	0.0,	NaN,	299.65,	2.572
52.524822,	11.319,	10.597,	308.152,	55.593,	42.663,	306.609,	0.0,	0.0,	0.0,	NaN,	300.098,	0.0,	0.0,	0.0,	NaN,	299.65,	2.572
52.656094,	10.152,	9.458,	308.152,	55.621,	42.782,	306.609,	0.0,	0.0,	0.0,	NaN,	300.101,	0.0,	0.0,	0.0,	NaN,	299.653,	2.572
52.79431,	9.616,	8.959,	308.152,	55.658,	42.725,	306.609,	0.0,	0.0,	0.0,	NaN,	300.101,	0.0,	0.0,	0.0,	NaN,	299.65,	2.572
52.92429,	9.613,	8.998,	308.154,	55.67,	42.531,	306.609,	0.0,	0.0,	0.0,	NaN,	300.098,	0.0,	0.0,	0.0,	NaN,	299.65,	2.572
53.062138,	11.234,	10.552,	308.154,	55.636,	42.494,	306.609,	0.0,	0.0,	0.0,	NaN,	300.101,	0.0,	0.0,	0.0,	NaN,	299.653,	2.572
53.190186,	11.401,	10.684,	308.154,	55.596,	42.623,	306.609,	0.0,	0.0,	0.0,	NaN,	300.101,	0.0,	0.0,	0.0,	NaN,	299.653,	2.572
53.326843,	10.372,	9.67,	308.154,	55.604,	42.763,	306.609,	0.0,	0.0,	0.0,	NaN,	300.101,	0.0,	0.0,	0.0,	NaN,	299.653,	2.572
53.461765,	9.734,	9.066,	308.156,	55.645,	42.744,	306.609,	0.0,	0.0,	0.0,	NaN,	300.105,	0.0,	0.0,	0.0,	NaN,	299.653,	2.572
53.59034,	9.517,	8.89,	308.156,	55.673,	42.582,	306.609,	0.0,	0.0,	0.0,	NaN,	300.101,	0.0,	0.0,	0.0,	NaN,	299.653,	2.572
53.718006,	11.095,	10.426,	308.156,	55.652,	42.474,	306.609,	0.0,	0.0,	0.0,	NaN,	300.105,	0.0,	0.0,	0.0,	NaN,	299.653,	2.572
53.84898,	11.428,	10.715,	308.156,	55.6,	42.581,	306.609,	0.0,	0.0,	0.0,	NaN,	300.105,	0.0,	0.0,	0.0,	NaN,	299.653,	2.572
53.97997,	10.772,	10.059,	308.158,	55.591,	42.73,	306.609,	0.0,	0.0,	0.0,	NaN,	300.105,	0.0,	0.0,	0.0,	NaN,	299.653,	2.673
54.114594,	9.865,	9.186,	308.158,	55.628,	42.753,	306.609,	0.0,	0.0,	0.0,	NaN,	300.101,	0.0,	0.0,	0.0,	NaN,	299.653,	2.673
54.24993,	9.503,	8.868,	308.158,	55.662,	42.607,	306.609,	0.0,	0.0,	0.0,	NaN,	300.101,	0.0,	0.0,	0.0,	NaN,	299.657,	2.673
54.38001,	10.843,	10.199,	308.158,	55.664,	42.463,	306.609,	0.0,	0.0,	0.0,	NaN,	300.101,	0.0,	0.0,	0.0,	NaN,	299.657,	2.673
54.512894,	11.432,	10.723,	308.16,	55.618,	42.545,	306.609,	0.0,	0.0,	0.0,	NaN,	300.101,	0.0,	0.0,	0.0,	NaN,	299.657,	2.673
54.64316,	11.006,	10.278,	308.16,	55.59,	42.697,	306.613,	0.0,	0.0,	0.0,	NaN,	300.101,	0.0,	0.0,	0.0,	NaN,	299.653,	2.673
54.785843,	10.018,	9.328,	308.16,	55.61,	42.751,	306.613,	0.0,	0.0,	0.0,	NaN,	300.101,	0.0,	0.0,	0.0,	NaN,	299.657,	2.673
54.916473,	9.55,	8.905,	308.16,	55.655,	42.639,	306.613,	0.0,	0.0,	0.0,	NaN,	300.105,	0.0,	0.0,	0.0,	NaN,	299.657,	2.673
55.052853,	10.455,	9.847,	308.162,	55.671,	42.468,	306.613,	0.0,	0.0,	0.0,	NaN,	300.105,	0.0,	0.0,	0.0,	NaN,	299.66,	2.673
55.18233,	11.421,	10.718,	308.162,	55.636,	42.509,	306.611,	0.0,	0.0,	0.0,	NaN,	300.105,	0.0,	0.0,	0.0,	NaN,	299.657,	2.673
55.31138,	11.376,	10.65,	308.162,	55.594,	42.638,	306.611,	0.0,	0.0,	0.0,	NaN,	300.105,	0.0,	0.0,	0.0,	NaN,	299.66,	2.673
55.441395,	10.299,	9.598,	308.162,	55.6,	42.748,	306.611,	0.0,	0.0,	0.0,	NaN,	300.108,	0.0,	0.0,	0.0,	NaN,	299.657,	2.673
55.570568,	9.673,	9.013,	308.16,	55.637,	42.687,	306.611,	0.0,	0.0,	0.0,	NaN,	300.105,	0.0,	0.0,	0.0,	NaN,	299.657,	2.673
55.71199,	9.759,	9.149,	308.16,	55.67,	42.486,	306.609,	0.0,	0.0,	0.0,	NaN,	300.105,	0.0,	0.0,	0.0,	NaN,	299.657,	2.606
55.846222,	11.391,	10.696,	308.16,	55.648,	42.477,	306.609,	0.0,	0.0,	0.0,	NaN,	300.105,	0.0,	0.0,	0.0,	NaN,	299.66,	2.606
55.980003,	11.43,	10.707,	308.158,	55.602,	42.618,	306.609,	0.0,	0.0,	0.0,	NaN,	300.105,	0.0,	0.0,	0.0,	NaN,	299.657,	2.606
56.1109,	10.392,	9.688,	308.158,	55.589,	42.737,	306.609,	0.0,	0.0,	0.0,	NaN,	300.108,	0.0,	0.0,	0.0,	NaN,	299.66,	2.606
56.26926,	9.672,	9.013,	308.158,	55.634,	42.67,	306.609,	0.0,	0.0,	0.0,	NaN,	300.105,	0.0,	0.0,	0.0,	NaN,	299.66,	2.606
56.399284,	9.854,	9.065,	308.158,	55.664,	42.489,	306.609,	0.0,	0.0,	0.0,	NaN,	300.105,	0.0,	0.0,	0.0,	NaN,	299.66,	2.606
56.527214,	11.38,	10.689,	308.16,	55.658,	42.463,	306.609,	0.0,	0.0,	0.0,	NaN,	300.105,	0.0,	0.0,	0.0,	NaN,	299.657,	2.606
56.66125,	11.501,	10.783,	308.16,	55.615,	42.58,	306.613,	0.0,	0.0,	0.0,	NaN,	300.108,	0.0,	0.0,	0.0,	NaN,	299.657,	2.606
56.786987,	10.632,	9.92,	308.16,	55.59,	42.721,	306.613,	0.0,	0.0,	0.0,	NaN,	300.105,	0.0,	0.0,	0.0,	NaN,	299.657,	2.606
56.924824,	9.778,	9.107,	308.16,	55.614,	42.69,	306.613,	0.0,	0.0,	0.0,	NaN,	300.108,	0.0,	0.0,	0.0,	NaN,	299.653,	2.606
57.063057,	9.652,	9.022,	308.158,	55.657,	42.519,	306.613,	0.0,	0.0,	0.0,	NaN,	300.108,	0.0,	0.0,	0.0,	NaN,	299.653,	2.606
57.19165,	11.172,	10.501,	308.158,	55.665,	42.43,	306.611,	0.0,	0.0,	0.0,	NaN,	300.108,	0.0,	0.0,	0.0,	NaN,	299.653,	2.606
57.323112,	11.526,	10.809,	308.158,	55.628,	42.56,	306.611,	0.0,	0.0,	0.0,	NaN,	300.108,	0.0,	0.0,	0.0,	NaN,	299.653,	2.606
57.462173,	10.746,	10.032,	308.158,	55.588,	42.705,	306.611,	0.0,	0.0,	0.0,	NaN,	300.108,	0.0,	0.0,	0.0,	NaN,	299.653,	2.725
57.600613,	9.899,	9.218,	308.16,	55.599,	42.702,	306.611,	0.0,	0.0,	0.0,	NaN,	300.108,	0.0,	0.0,	0.0,	NaN,	299.657,	2.725
57.72576,	9.592,	8.95,	308.16,	55.637,	42.573,	306.609,	0.0,	0.0,	0.0,	NaN,	300.108,	0.0,	0.0,	0.0,	NaN,	299.653,	2.725
57.853146,	10.906,	10.263,	308.16,	55.666,	42.423,	306.609,	0.0,	0.0,	0.0,	NaN,	300.112,	0.0,	0.0,	0.0,	NaN,	299.657,	2.725
57.983723,	11.523,	10.813,	308.16,	55.646,	42.501,	306.609,	0.0,	0.0,	0.0,	NaN,	300.112,	0.0,	0.0,	0.0,	NaN,	299.653,	2.725
58.11155,	11.116,	10.385,	308.158,	55.599,	42.657,	306.609,	0.0,	0.0,	0.0,	NaN,	300.112,	0.0,	0.0,	0.0,	NaN,	299.657,	2.725
58.251713,	10.122,	9.425,	308.158,	55.586,	42.716,	306.609,	0.0,	0.0,	0.0,	NaN,	300.112,	0.0,	0.0,	0.0,	NaN,	299.657,	2.725
58.380424,	9.642,	8.989,	308.158,	55.619,	42.602,	306.609,	0.0,	0.0,	0.0,	NaN,	300.112,	0.0,	0.0,	0.0,	NaN,	299.657,	2.725
58.510693,	10.514,	9.906,	308.158,	55.66,	42.428,	306.609,	0.0,	0.0,	0.0,	NaN,	300.112,	0.0,	0.0,	0.0,	NaN,	299.657,	2.725
58.640278,	11.482,	10.783,	308.156,	55.661,	42.454,	306.609,	0.0,	0.0,	0.0,	NaN,	300.112,	0.0,	0.0,	0.0,	NaN,	299.66,	2.725
58.770184,	11.477,	10.748,	308.156,	55.62,	42.597,	306.609,	0.0,	0.0,	0.0,	NaN,	300.112,	0.0,	0.0,	0.0,	NaN,	299.657,	2.724
58.913822,	10.297,	9.593,	308.156,	55.585,	42.712,	306.609,	0.0,	0.0,	0.0,	NaN,	300.112,	0.0,	0.0,	0.0,	NaN,	299.657,	2.725
59.047523,	9.72,	9.058,	308.156,	55.603,	42.633,	306.609,	0.0,	0.0,	0.0,	NaN,	300.112,	0.0,	0.0,	0.0,	NaN,	299.66,	2.725
59.182663,	9.826,	9.21,	308.158,	55.649,	42.448,	306.609,	0.0,	0.0,	0.0,	NaN,	300.115,	0.0,	0.0,	0.0,	NaN,	299.66,	2.622
59.30922,	11.427,	10.738,	308.158,	55.665,	42.426,	306.609,	0.0,	0.0,	0.0,	NaN,	300.115,	0.0,	0.0,	0.0,	NaN,	299.657,	2.621
59.44478,	11.528,	10.803,	308.158,	55.632,	42.579,	306.609,	0.0,	0.0,	0.0,	NaN,	300.115,	0.0,	0.0,	0.0,	NaN,	299.66,	2.622
59.573864,	10.5,	9.79,	308.16,	55.587,	42.7,	306.609,	0.0,	0.0,	0.0,	NaN,	300.115,	0.0,	0.0,	0.0,	NaN,	299.66,	2.622
59.71091,	9.822,	9.15,	308.16,	55.592,	42.652,	306.609,	0.0,	0.0,	0.0,	NaN,	300.115,	0.0,	0.0,	0.0,	NaN,	299.66,	2.622
59.84148,	9.76,	9.131,	308.16,	55.634,	42.476,	306.613,	0.0,	0.0,	0.0,	NaN,	300.115,	0.0,	0.0,	0.0,	NaN,	299.66,	2.622
59.97553,	11.301,	10.625,	308.16,	55.662,	42.403,	306.613,	0.0,	0.0,	0.0,	NaN,	300.115,	0.0,	0.0,	0.0,	NaN,	299.66,	2.622
60.114494,	11.595,	10.875,	308.158,	55.648,	42.542,	306.613,	0.0,	0.0,	0.0,	NaN,	300.115,	0.0,	0.0,	0.0,	NaN,	299.664,	2.621
60.243828,	10.741,	10.025,	308.158,	55.598,	42.683,	306.613,	0.0,	0.0,	0.0,	NaN,	300.119,	0.0,	0.0,	0.0,	NaN,	299.664,	2.622
60.3715,	10.007,	9.318,	308.158,	55.582,	42.677,	306.615,	0.0,	0.0,	0.0,	NaN,	300.119,	0.0,	0.0,	0.0,	NaN,	299.664,	2.622
60.499504,	9.657,	9.012,	308.158,	55.614,	42.533,	306.615,	0.0,	0.0,	0.0,	NaN,	300.119,	0.0,	0.0,	0.0,	NaN,	299.667,	2.621
60.631573,	11.07,	10.414,	308.156,	55.653,	42.394,	306.615,	0.0,	0.0,	0.0,	NaN,	300.119,	0.0,	0.0,	0.0,	NaN,	299.664,	2.622
60.768917,	11.597,	10.885,	308.156,	55.661,	42.485,	306.615,	0.0,	0.0,	0.0,	NaN,	300.122,	0.0,	0.0,	0.0,	NaN,	299.664,	2.622
60.900635,	11.109,	10.38,	308.156,	55.621,	42.637,	306.617,	0.0,	0.0,	0.0,	NaN,	300.122,	0.0,	0.0,	0.0,	NaN,	299.664,	2.755
61.035927,	10.147,	9.448,	308.156,	55.583,	42.686,	306.617,	0.0,	0.0,	0.0,	NaN,	300.126,	0.0,	0.0,	0.0,	NaN,	299.664,	2.755
61.16957,	9.689,	9.035,	308.154,	55.595,	42.561,	306.617,	0.0,	0.0,	0.0,	NaN,	300.122,	0.0,	0.0,	0.0,	NaN,	299.667,	2.755
61.300186,	10.713,	10.093,	308.154,	55.641,	42.393,	306.62,	0.0,	0.0,	0.0,	NaN,	300.126,	0.0,	0.0,	0.0,	NaN,	299.664,	2.756
61.43072,	11.584,	10.877,	308.154,	55.663,	42.452,	306.62,	0.0,	0.0,	0.0,	NaN,	300.122,	0.0,	0.0,	0.0,	NaN,	299.667,	2.755
61.560993,	11.372,	10.631,	308.154,	55.633,	42.604,	306.62,	0.0,	0.0,	0.0,	NaN,	300.126,	0.0,	0.0,	0.0,	NaN,	299.664,	2.755
61.692047,	10.311,	9.604,	308.152,	55.587,	42.686,	306.62,	0.0,	0.0,	0.0,	NaN,	300.126,	0.0,	0.0,	0.0,	NaN,	299.667,	2.755
61.833336,	9.759,	9.095,	308.152,	55.585,	42.591,	306.617,	0.0,	0.0,	0.0,	NaN,	300.126,	0.0,	0.0,	0.0,	NaN,	299.667,	2.755
61.96292,	9.994,	9.189,	308.152,	55.623,	42.413,	306.617,	0.0,	0.0,	0.0,	NaN,	300.126,	0.0,	0.0,	0.0,	NaN,	299.667,	2.755
62.091545,	11.517,	10.823,	308.152,	55.654,	42.408,	306.617,	0.0,	0.0,	0.0,	NaN,	300.126,	0.0,	0.0,	0.0,	NaN,	299.667,	2.755
62.219913,	11.612,	10.886,	308.149,	55.652,	42.547,	306.617,	0.0,	0.0,	0.0,	NaN,	300.126,	0.0,	0.0,	0.0,	NaN,	299.667,	2.755
62.348957,	10.624,	9.908,	308.149,	55.603,	42.671,	306.62,	0.0,	0.0,	0.0,	NaN,	300.126,	0.0,	0.0,	0.0,	NaN,	299.671,	2.755
62.48091,	9.911,	9.23,	308.149,	55.58,	42.636,	306.62,	0.0,	0.0,	0.0,	NaN,	300.126,	0.0,	0.0,	0.0,	NaN,	299.671,	2.755
62.60856,	9.779,	9.141,	308.149,	55.6,	42.461,	306.62,	0.0,	0.0,	0.0,	NaN,	300.126,	0.0,	0.0,	0.0,	NaN,	299.667,	2.648
62.745033,	11.417,	10.734,	308.147,	55.646,	42.386,	306.62,	0.0,	0.0,	0.0,	NaN,	300.126,	0.0,	0.0,	0.0,	NaN,	299.671,	2.648
62.873558,	11.656,	10.939,	308.147,	55.66,	42.49,	306.617,	0.0,	0.0,	0.0,	NaN,	300.126,	0.0,	0.0,	0.0,	NaN,	299.671,	2.648
63.00156,	11.011,	10.29,	308.147,	55.632,	42.641,	306.617,	0.0,	0.0,	0.0,	NaN,	300.129,	0.0,	0.0,	0.0,	NaN,	299.671,	2.648
63.130806,	10.104,	9.408,	308.147,	55.586,	42.664,	306.617,	0.0,	0.0,	0.0,	NaN,	300.129,	0.0,	0.0,	0.0,	NaN,	299.671,	2.648
63.25601,	9.713,	9.061,	308.149,	55.587,	42.52,	306.617,	0.0,	0.0,	0.0,	NaN,	300.126,	0.0,	0.0,	0.0,	NaN,	299.674,	2.648
63.3902,	11.03,	10.38,	308.149,	55.629,	42.373,	306.62,	0.0,	0.0,	0.0,	NaN,	300.126,	0.0,	0.0,	0.0,	NaN,	299.674,	2.648
63.524612,	11.649,	10.936,	308.149,	55.66,	42.456,	306.62,	0.0,	0.0,	0.0,	NaN,	300.129,	0.0,	0.0,	0.0,	NaN,	299.674,	2.648
63.659904,	11.234,	10.499,	308.149,	55.646,	42.61,	306.62,	0.0,	0.0,	0.0,	NaN,	300.129,	0.0,	0.0,	0.0,	NaN,	299.674,	2.648
63.79662,	10.249,	9.544,	308.147,	55.597,	42.667,	306.62,	0.0,	0.0,	0.0,	NaN,	300.126,	0.0,	0.0,	0.0,	NaN,	299.674,	2.648
63.92217,	9.758,	9.098,	308.147,	55.579,	42.553,	306.617,	0.0,	0.0,	0.0,	NaN,	300.133,	0.0,	0.0,	0.0,	NaN,	299.674,	2.648
64.05581,	10.642,	10.029,	308.147,	55.607,	42.38,	306.617,	0.0,	0.0,	0.0,	NaN,	300.129,	0.0,	0.0,	0.0,	NaN,	299.674,	2.648
64.18984,	11.631,	10.924,	308.147,	55.648,	42.424,	306.617,	0.0,	0.0,	0.0,	NaN,	300.133,	0.0,	0.0,	0.0,	NaN,	299.674,	2.648
64.32366,	11.596,	10.864,	308.149,	55.653,	42.554,	306.617,	0.0,	0.0,	0.0,	NaN,	300.133,	0.0,	0.0,	0.0,	NaN,	299.674,	2.772
64.47368,	10.32,	9.612,	308.149,	55.607,	42.668,	306.615,	0.0,	0.0,	0.0,	NaN,	300.136,	0.0,	0.0,	0.0,	NaN,	299.678,	2.772
64.61032,	9.795,	9.129,	308.149,	55.578,	42.565,	306.615,	0.0,	0.0,	0.0,	NaN,	300.136,	0.0,	0.0,	0.0,	NaN,	299.678,	2.772
64.73948,	9.943,	9.321,	308.152,	55.597,	42.383,	306.615,	0.0,	0.0,	0.0,	NaN,	300.136,	0.0,	0.0,	0.0,	NaN,	299.678,	2.772
64.87175,	11.624,	10.92,	308.152,	55.642,	42.408,	306.615,	0.0,	0.0,	0.0,	NaN,	300.14,	0.0,	0.0,	0.0,	NaN,	299.678,	2.771
65.01075,	11.577,	10.841,	308.152,	55.657,	42.559,	306.617,	0.0,	0.0,	0.0,	NaN,	300.14,	0.0,	0.0,	0.0,	NaN,	299.674,	2.772
65.142746,	10.497,	9.782,	308.152,	55.621,	42.66,	306.617,	0.0,	0.0,	0.0,	NaN,	300.14,	0.0,	0.0,	0.0,	NaN,	299.678,	2.771
65.27235,	9.935,	9.253,	308.149,	55.582,	42.607,	306.617,	0.0,	0.0,	0.0,	NaN,	300.14,	0.0,	0.0,	0.0,	NaN,	299.678,	2.772
65.39978,	9.869,	9.233,	308.149,	55.583,	42.43,	306.617,	0.0,	0.0,	0.0,	NaN,	300.143,	0.0,	0.0,	0.0,	NaN,	299.678,	2.772
65.52895,	11.507,	10.82,	308.149,	55.62,	42.371,	306.615,	0.0,	0.0,	0.0,	NaN,	300.143,	0.0,	0.0,	0.0,	NaN,	299.678,	2.772
65.65679,	11.709,	10.99,	308.149,	55.653,	42.483,	306.615,	0.0,	0.0,	0.0,	NaN,	300.143,	0.0,	0.0,	0.0,	NaN,	299.678,	2.772
65.785545,	10.995,	10.273,	308.152,	55.646,	42.628,	306.615,	0.0,	0.0,	0.0,	NaN,	300.143,	0.0,	0.0,	0.0,	NaN,	299.681,	2.772
65.92279,	10.118,	9.42,	308.152,	55.597,	42.636,	306.615,	0.0,	0.0,	0.0,	NaN,	300.143,	0.0,	0.0,	0.0,	NaN,	299.681,	2.772
66.05175,	9.759,	9.106,	308.152,	55.574,	42.49,	306.613,	0.0,	0.0,	0.0,	NaN,	300.143,	0.0,	0.0,	0.0,	NaN,	299.678,	2.671
66.18299,	11.182,	10.521,	308.152,	55.599,	42.355,	306.613,	0.0,	0.0,	0.0,	NaN,	300.147,	0.0,	0.0,	0.0,	NaN,	299.681,	2.671
66.313675,	11.706,	10.991,	308.154,	55.64,	42.446,	306.613,	0.0,	0.0,	0.0,	NaN,	300.147,	0.0,	0.0,	0.0,	NaN,	299.681,	2.671
66.45011,	11.213,	10.481,	308.154,	55.651,	42.601,	306.613,	0.0,	0.0,	0.0,	NaN,	300.147,	0.0,	0.0,	0.0,	NaN,	299.681,	2.671
66.58461,	10.256,	9.549,	308.154,	55.616,	42.648,	306.615,	0.0,	0.0,	0.0,	NaN,	300.147,	0.0,	0.0,	0.0,	NaN,	299.678,	2.671
66.71234,	9.791,	9.129,	308.154,	55.575,	42.522,	306.615,	0.0,	0.0,	0.0,	NaN,	300.15,	0.0,	0.0,	0.0,	NaN,	299.678,	2.671
66.84714,	10.818,	10.194,	308.152,	55.584,	42.356,	306.615,	0.0,	0.0,	0.0,	NaN,	300.15,	0.0,	0.0,	0.0,	NaN,	299.681,	2.671
66.97876,	11.69,	10.979,	308.152,	55.625,	42.416,	306.613,	0.0,	0.0,	0.0,	NaN,	300.15,	0.0,	0.0,	0.0,	NaN,	299.678,	2.671
67.10678,	11.473,	10.728,	308.152,	55.651,	42.568,	306.613,	0.0,	0.0,	0.0,	NaN,	300.15,	0.0,	0.0,	0.0,	NaN,	299.678,	2.672
67.24155,	10.419,	9.705,	308.152,	55.633,	42.649,	306.613,	0.0,	0.0,	0.0,	NaN,	300.15,	0.0,	0.0,	0.0,	NaN,	299.681,	2.671
67.37952,	9.861,	9.188,	308.154,	55.581,	42.554,	306.613,	0.0,	0.0,	0.0,	NaN,	300.153,	0.0,	0.0,	0.0,	NaN,	299.681,	2.672
67.50689,	10.092,	9.278,	308.154,	55.574,	42.374,	306.611,	0.0,	0.0,	0.0,	NaN,	300.153,	0.0,	0.0,	0.0,	NaN,	299.681,	2.671
67.63709,	11.613,	10.917,	308.154,	55.602,	42.372,	306.611,	0.0,	0.0,	0.0,	NaN,	300.153,	0.0,	0.0,	0.0,	NaN,	299.681,	2.671
67.76724,	11.712,	10.984,	308.154,	55.644,	42.512,	306.611,	0.0,	0.0,	0.0,	NaN,	300.153,	0.0,	0.0,	0.0,	NaN,	299.681,	2.772
67.89998,	10.727,	10.007,	308.152,	55.648,	42.637,	306.611,	0.0,	0.0,	0.0,	NaN,	300.157,	0.0,	0.0,	0.0,	NaN,	299.685,	2.772
68.028946,	10.012,	9.324,	308.152,	55.606,	42.601,	306.609,	0.0,	0.0,	0.0,	NaN,	300.157,	0.0,	0.0,	0.0,	NaN,	299.681,	2.772
68.1557,	9.868,	9.223,	308.152,	55.569,	42.424,	306.609,	0.0,	0.0,	0.0,	NaN,	300.157,	0.0,	0.0,	0.0,	NaN,	299.685,	2.772
68.28968,	11.508,	10.823,	308.152,	55.591,	42.35,	306.609,	0.0,	0.0,	0.0,	NaN,	300.16,	0.0,	0.0,	0.0,	NaN,	299.685,	2.772
68.43179,	11.756,	11.034,	308.154,	55.635,	42.477,	306.609,	0.0,	0.0,	0.0,	NaN,	300.157,	0.0,	0.0,	0.0,	NaN,	299.685,	2.772
68.56163,	10.972,	10.248,	308.154,	55.653,	42.621,	306.609,	0.0,	0.0,	0.0,	NaN,	300.16,	0.0,	0.0,	0.0,	NaN,	299.681,	2.771
68.70903,	10.064,	9.371,	308.154,	55.616,	42.606,	306.609,	0.0,	0.0,	0.0,	NaN,	300.16,	0.0,	0.0,	0.0,	NaN,	299.685,	2.772
68.8426,	9.842,	9.193,	308.154,	55.575,	42.435,	306.609,	0.0,	0.0,	0.0,	NaN,	300.16,	0.0,	0.0,	0.0,	NaN,	299.685,	2.771
69.00362,	11.617,	10.922,	308.152,	55.59,	42.358,	306.609,	0.0,	0.0,	0.0,	NaN,	300.164,	0.0,	0.0,	0.0,	NaN,	299.681,	2.771
69.13901,	11.742,	11.014,	308.152,	55.633,	42.5,	306.613,	0.0,	0.0,	0.0,	NaN,	300.167,	0.0,	0.0,	0.0,	NaN,	299.685,	2.771
69.27367,	10.786,	10.063,	308.152,	55.652,	42.63,	306.613,	0.0,	0.0,	0.0,	NaN,	300.164,	0.0,	0.0,	0.0,	NaN,	299.685,	2.772
69.40628,	10.05,	9.358,	308.149,	55.621,	42.596,	306.613,	0.0,	0.0,	0.0,	NaN,	300.167,	0.0,	0.0,	0.0,	NaN,	299.685,	2.702
69.53653,	9.87,	9.222,	308.149,	55.576,	42.423,	306.613,	0.0,	0.0,	0.0,	NaN,	300.167,	0.0,	0.0,	0.0,	NaN,	299.681,	2.702
69.66947,	11.499,	10.816,	308.149,	55.579,	42.338,	306.611,	0.0,	0.0,	0.0,	NaN,	300.171,	0.0,	0.0,	0.0,	NaN,	299.685,	2.702
69.8038,	11.776,	11.055,	308.149,	55.619,	42.464,	306.611,	0.0,	0.0,	0.0,	NaN,	300.171,	0.0,	0.0,	0.0,	NaN,	299.685,	2.702
69.93568,	11.03,	10.304,	308.147,	55.65,	42.609,	306.611,	0.0,	0.0,	0.0,	NaN,	300.167,	0.0,	0.0,	0.0,	NaN,	299.685,	2.702
70.070305,	10.17,	9.468,	308.147,	55.634,	42.611,	306.609,	0.0,	0.0,	0.0,	NaN,	300.171,	0.0,	0.0,	0.0,	NaN,	299.685,	2.702
70.20328,	9.822,	9.166,	308.147,	55.585,	42.458,	306.609,	0.0,	0.0,	0.0,	NaN,	300.171,	0.0,	0.0,	0.0,	NaN,	299.685,	2.702
70.337105,	11.278,	10.612,	308.147,	55.571,	42.328,	306.609,	0.0,	0.0,	0.0,	NaN,	300.174,	0.0,	0.0,	0.0,	NaN,	299.688,	2.702
70.50383,	11.785,	11.062,	308.149,	55.615,	42.466,	306.609,	0.0,	0.0,	0.0,	NaN,	300.174,	0.0,	0.0,	0.0,	NaN,	299.688,	2.702
70.64484,	10.986,	10.26,	308.149,	55.651,	42.613,	306.609,	0.0,	0.0,	0.0,	NaN,	300.171,	0.0,	0.0,	0.0,	NaN,	299.688,	2.702
70.77748,	10.154,	9.454,	308.149,	55.639,	42.608,	306.609,	0.0,	0.0,	0.0,	NaN,	300.174,	0.0,	0.0,	0.0,	NaN,	299.688,	2.702
70.9041,	9.836,	9.181,	308.149,	55.59,	42.447,	306.609,	0.0,	0.0,	0.0,	NaN,	300.171,	0.0,	0.0,	0.0,	NaN,	299.688,	2.702
71.03433,	11.166,	10.511,	308.152,	55.568,	42.327,	306.609,	0.0,	0.0,	0.0,	NaN,	300.174,	0.0,	0.0,	0.0,	NaN,	299.688,	2.702
71.1614,	11.771,	11.056,	308.152,	55.595,	42.416,	306.613,	0.0,	0.0,	0.0,	NaN,	300.171,	0.0,	0.0,	0.0,	NaN,	299.688,	2.759
71.28874,	11.342,	10.604,	308.152,	55.637,	42.572,	306.613,	0.0,	0.0,	0.0,	NaN,	300.174,	0.0,	0.0,	0.0,	NaN,	299.688,	2.76
71.42395,	10.368,	9.655,	308.152,	55.647,	42.625,	306.613,	0.0,	0.0,	0.0,	NaN,	300.174,	0.0,	0.0,	0.0,	NaN,	299.692,	2.76
71.560326,	9.873,	9.202,	308.149,	55.612,	42.507,	306.613,	0.0,	0.0,	0.0,	NaN,	300.174,	0.0,	0.0,	0.0,	NaN,	299.692,	2.76
71.692665,	10.765,	10.144,	308.149,	55.574,	42.334,	306.611,	0.0,	0.0,	0.0,	NaN,	300.178,	0.0,	0.0,	0.0,	NaN,	299.692,	2.76
71.819,	11.745,	11.036,	308.149,	55.58,	42.384,	306.611,	0.0,	0.0,	0.0,	NaN,	300.178,	0.0,	0.0,	0.0,	NaN,	299.692,	2.76
71.96111,	11.6,	10.856,	308.149,	55.62,	42.54,	306.611,	0.0,	0.0,	0.0,	NaN,	300.178,	0.0,	0.0,	0.0,	NaN,	299.688,	2.759
72.09336,	10.53,	9.811,	308.147,	55.648,	42.622,	306.611,	0.0,	0.0,	0.0,	NaN,	300.178,	0.0,	0.0,	0.0,	NaN,	299.692,	2.76
72.229645,	9.947,	9.267,	308.147,	55.63,	42.538,	306.609,	0.0,	0.0,	0.0,	NaN,	300.178,	0.0,	0.0,	0.0,	NaN,	299.692,	2.76
72.36209,	10.063,	9.437,	308.147,	55.579,	42.356,	306.609,	0.0,	0.0,	0.0,	NaN,	300.181,	0.0,	0.0,	0.0,	NaN,	299.695,	2.759
72.49393,	11.701,	11.0,	308.145,	55.567,	42.354,	306.609,	0.0,	0.0,	0.0,	NaN,	300.178,	0.0,	0.0,	0.0,	NaN,	299.692,	2.76
72.62898,	11.752,	11.02,	308.145,	55.606,	42.503,	306.609,	0.0,	0.0,	0.0,	NaN,	300.178,	0.0,	0.0,	0.0,	NaN,	299.695,	2.76
72.76087,	10.719,	9.997,	308.145,	55.642,	42.619,	306.609,	0.0,	0.0,	0.0,	NaN,	300.178,	0.0,	0.0,	0.0,	NaN,	299.695,	2.76
72.89459,	10.042,	9.351,	308.145,	55.635,	42.562,	306.609,	0.0,	0.0,	0.0,	NaN,	300.178,	0.0,	0.0,	0.0,	NaN,	299.695,	2.728
73.024536,	9.978,	9.337,	308.147,	55.597,	42.39,	306.609,	0.0,	0.0,	0.0,	NaN,	300.178,	0.0,	0.0,	0.0,	NaN,	299.699,	2.728
73.152306,	11.522,	10.839,	308.147,	55.569,	42.324,	306.609,	0.0,	0.0,	0.0,	NaN,	300.185,	0.0,	0.0,	0.0,	NaN,	299.699,	2.729
73.28353,	11.818,	11.095,	308.147,	55.584,	42.447,	306.613,	0.0,	0.0,	0.0,	NaN,	300.181,	0.0,	0.0,	0.0,	NaN,	299.695,	2.728
73.43648,	10.806,	10.082,	308.147,	55.637,	42.615,	306.613,	0.0,	0.0,	0.0,	NaN,	300.181,	0.0,	0.0,	0.0,	NaN,	299.702,	2.729
73.572624,	10.088,	9.394,	308.149,	55.647,	42.573,	306.613,	0.0,	0.0,	0.0,	NaN,	300.185,	0.0,	0.0,	0.0,	NaN,	299.699,	2.729
73.70424,	9.933,	9.282,	308.149,	55.607,	42.401,	306.611,	0.0,	0.0,	0.0,	NaN,	300.185,	0.0,	0.0,	0.0,	NaN,	299.702,	2.729
73.83581,	11.569,	10.882,	308.149,	55.568,	42.324,	306.611,	0.0,	0.0,	0.0,	NaN,	300.185,	0.0,	0.0,	0.0,	NaN,	299.702,	2.729
73.96661,	11.826,	11.103,	308.149,	55.581,	42.454,	306.611,	0.0,	0.0,	0.0,	NaN,	300.185,	0.0,	0.0,	0.0,	NaN,	299.702,	2.729
74.134514,	10.9,	10.174,	308.152,	55.628,	42.606,	306.611,	0.0,	0.0,	0.0,	NaN,	300.181,	0.0,	0.0,	0.0,	NaN,	299.702,	2.728
74.26634,	10.072,	9.379,	308.152,	55.644,	42.565,	306.609,	0.0,	0.0,	0.0,	NaN,	300.185,	0.0,	0.0,	0.0,	NaN,	299.706,	2.728
74.40255,	9.969,	9.322,	308.152,	55.609,	42.385,	306.609,	0.0,	0.0,	0.0,	NaN,	300.185,	0.0,	0.0,	0.0,	NaN,	299.702,	2.728
74.539536,	11.612,	10.924,	308.152,	55.569,	42.325,	306.609,	0.0,	0.0,	0.0,	NaN,	300.185,	0.0,	0.0,	0.0,	NaN,	299.706,	2.751
74.666954,	11.833,	11.112,	308.154,	55.574,	42.436,	306.609,	0.0,	0.0,	0.0,	NaN,	300.188,	0.0,	0.0,	0.0,	NaN,	299.702,	2.751
74.81799,	10.998,	10.27,	308.154,	55.62,	42.597,	306.609,	0.0,	0.0,	0.0,	NaN,	300.188,	0.0,	0.0,	0.0,	NaN,	299.706,	2.751
74.94898,	10.187,	9.485,	308.154,	55.65,	42.588,	306.609,	0.0,	0.0,	0.0,	NaN,	300.188,	0.0,	0.0,	0.0,	NaN,	299.706,	2.751
75.077225,	9.89,	9.232,	308.152,	55.624,	42.422,	306.609,	0.0,	0.0,	0.0,	NaN,	300.188,	0.0,	0.0,	0.0,	NaN,	299.706,	2.751
75.2202,	11.562,	10.877,	308.152,	55.574,	42.318,	306.609,	0.0,	0.0,	0.0,	NaN,	300.192,	0.0,	0.0,	0.0,	NaN,	299.706,	2.751
75.35145,	11.843,	11.121,	308.152,	55.57,	42.438,	306.613,	0.0,	0.0,	0.0,	NaN,	300.192,	0.0,	0.0,	0.0,	NaN,	299.702,	2.751
75.48587,	11.097,	10.368,	308.152,	55.608,	42.588,	306.613,	0.0,	0.0,	0.0,	NaN,	300.192,	0.0,	0.0,	0.0,	NaN,	299.709,	2.751
75.6188,	10.238,	9.532,	308.149,	55.643,	42.593,	306.613,	0.0,	0.0,	0.0,	NaN,	300.192,	0.0,	0.0,	0.0,	NaN,	299.706,	2.752
75.751366,	9.885,	9.223,	308.149,	55.633,	42.437,	306.615,	0.0,	0.0,	0.0,	NaN,	300.195,	0.0,	0.0,	0.0,	NaN,	299.709,	2.752
75.88108,	11.331,	10.664,	308.149,	55.585,	42.305,	306.615,	0.0,	0.0,	0.0,	NaN,	300.195,	0.0,	0.0,	0.0,	NaN,	299.709,	2.751
76.017815,	11.833,	11.114,	308.149,	55.564,	42.409,	306.615,	0.0,	0.0,	0.0,	NaN,	300.195,	0.0,	0.0,	0.0,	NaN,	299.709,	2.751
76.16009,	11.312,	10.577,	308.147,	55.592,	42.566,	306.615,	0.0,	0.0,	0.0,	NaN,	300.199,	0.0,	0.0,	0.0,	NaN,	299.706,	2.751
76.294075,	10.369,	9.654,	308.147,	55.635,	42.602,	306.617,	0.0,	0.0,	0.0,	NaN,	300.195,	0.0,	0.0,	0.0,	NaN,	299.706,	2.733
76.43245,	9.89,	9.224,	308.147,	55.638,	42.448,	306.617,	0.0,	0.0,	0.0,	NaN,	300.199,	0.0,	0.0,	0.0,	NaN,	299.706,	2.734
76.568794,	11.224,	10.566,	308.147,	55.595,	42.303,	306.617,	0.0,	0.0,	0.0,	NaN,	300.199,	0.0,	0.0,	0.0,	NaN,	299.706,	2.734
76.707054,	11.83,	11.114,	308.145,	55.561,	42.393,	306.617,	0.0,	0.0,	0.0,	NaN,	300.199,	0.0,	0.0,	0.0,	NaN,	299.706,	2.734
76.83581,	11.4,	10.659,	308.145,	55.583,	42.55,	306.615,	0.0,	0.0,	0.0,	NaN,	300.202,	0.0,	0.0,	0.0,	NaN,	299.709,	2.734
76.97452,	10.431,	9.712,	308.145,	55.625,	42.604,	306.615,	0.0,	0.0,	0.0,	NaN,	300.202,	0.0,	0.0,	0.0,	NaN,	299.709,	2.734
77.10151,	9.969,	9.289,	308.145,	55.64,	42.507,	306.615,	0.0,	0.0,	0.0,	NaN,	300.206,	0.0,	0.0,	0.0,	NaN,	299.709,	2.734
77.22825,	10.056,	9.417,	308.143,	55.618,	42.326,	306.615,	0.0,	0.0,	0.0,	NaN,	300.202,	0.0,	0.0,	0.0,	NaN,	299.709,	2.734
77.358925,	11.774,	11.068,	308.143,	55.571,	42.348,	306.617,	0.0,	0.0,	0.0,	NaN,	300.206,	0.0,	0.0,	0.0,	NaN,	299.713,	2.734
77.48907,	11.762,	11.023,	308.143,	55.566,	42.5,	306.617,	0.0,	0.0,	0.0,	NaN,	300.206,	0.0,	0.0,	0.0,	NaN,	299.713,	2.734
77.62837,	10.696,	9.971,	308.143,	55.604,	42.609,	306.617,	0.0,	0.0,	0.0,	NaN,	300.206,	0.0,	0.0,	0.0,	NaN,	299.709,	2.734
77.774605,	10.004,	9.319,	308.145,	55.637,	42.516,	306.617,	0.0,	0.0,	0.0,	NaN,	300.206,	0.0,	0.0,	0.0,	NaN,	299.709,	2.733
77.907005,	10.127,	9.498,	308.145,	55.627,	42.336,	306.62,	0.0,	0.0,	0.0,	NaN,	300.209,	0.0,	0.0,	0.0,	NaN,	299.713,	2.734
78.03803,	11.758,	11.055,	308.145,	55.579,	42.337,	306.62,	0.0,	0.0,	0.0,	NaN,	300.209,	0.0,	0.0,	0.0,	NaN,	299.713,	2.729
78.16585,	11.808,	11.075,	308.143,	55.563,	42.485,	306.62,	0.0,	0.0,	0.0,	NaN,	300.209,	0.0,	0.0,	0.0,	NaN,	299.713,	2.729
78.299736,	10.905,	10.177,	308.143,	55.586,	42.594,	306.62,	0.0,	0.0,	0.0,	NaN,	300.209,	0.0,	0.0,	0.0,	NaN,	299.709,	2.729
78.42912,	10.099,	9.405,	308.143,	55.636,	42.549,	306.617,	0.0,	0.0,	0.0,	NaN,	300.209,	0.0,	0.0,	0.0,	NaN,	299.713,	2.729
78.56877,	10.039,	9.394,	308.143,	55.638,	42.372,	306.617,	0.0,	0.0,	0.0,	NaN,	300.209,	0.0,	0.0,	0.0,	NaN,	299.709,	2.729
78.69961,	11.677,	10.985,	308.145,	55.595,	42.314,	306.617,	0.0,	0.0,	0.0,	NaN,	300.213,	0.0,	0.0,	0.0,	NaN,	299.709,	2.729
78.8383,	11.872,	11.145,	308.145,	55.561,	42.45,	306.617,	0.0,	0.0,	0.0,	NaN,	300.209,	0.0,	0.0,	0.0,	NaN,	299.713,	2.729
78.96902,	11.002,	10.272,	308.145,	55.58,	42.594,	306.615,	0.0,	0.0,	0.0,	NaN,	300.213,	0.0,	0.0,	0.0,	NaN,	299.713,	2.729
79.11248,	10.211,	9.507,	308.145,	55.62,	42.572,	306.615,	0.0,	0.0,	0.0,	NaN,	300.209,	0.0,	0.0,	0.0,	NaN,	299.713,	2.729
79.24388,	9.94,	9.28,	308.143,	55.64,	42.404,	306.615,	0.0,	0.0,	0.0,	NaN,	300.213,	0.0,	0.0,	0.0,	NaN,	299.713,	2.729
79.37516,	11.514,	10.834,	308.143,	55.613,	42.299,	306.613,	0.0,	0.0,	0.0,	NaN,	300.216,	0.0,	0.0,	0.0,	NaN,	299.716,	2.729
79.50205,	11.882,	11.161,	308.143,	55.565,	42.416,	306.613,	0.0,	0.0,	0.0,	NaN,	300.213,	0.0,	0.0,	0.0,	NaN,	299.716,	2.729
79.63951,	11.24,	10.51,	308.143,	55.566,	42.568,	306.613,	0.0,	0.0,	0.0,	NaN,	300.216,	0.0,	0.0,	0.0,	NaN,	299.716,	2.74
79.77313,	10.338,	9.624,	308.145,	55.608,	42.588,	306.613,	0.0,	0.0,	0.0,	NaN,	300.216,	0.0,	0.0,	0.0,	NaN,	299.716,	2.747
79.900154,	9.928,	9.259,	308.145,	55.64,	42.441,	306.611,	0.0,	0.0,	0.0,	NaN,	300.216,	0.0,	0.0,	0.0,	NaN,	299.716,	2.747
80.037415,	11.236,	10.579,	308.145,	55.625,	42.296,	306.611,	0.0,	0.0,	0.0,	NaN,	300.216,	0.0,	0.0,	0.0,	NaN,	299.719,	2.747
80.16473,	11.846,	11.133,	308.145,	55.583,	42.369,	306.611,	0.0,	0.0,	0.0,	NaN,	300.219,	0.0,	0.0,	0.0,	NaN,	299.716,	2.746
80.297585,	11.449,	10.707,	308.143,	55.558,	42.542,	306.611,	0.0,	0.0,	0.0,	NaN,	300.216,	0.0,	0.0,	0.0,	NaN,	299.716,	2.747
80.438194,	10.476,	9.755,	308.143,	55.586,	42.593,	306.609,	0.0,	0.0,	0.0,	NaN,	300.223,	0.0,	0.0,	0.0,	NaN,	299.716,	2.747
80.56577,	10.01,	9.326,	308.143,	55.628,	42.501,	306.609,	0.0,	0.0,	0.0,	NaN,	300.219,	0.0,	0.0,	0.0,	NaN,	299.716,	2.747
80.69217,	10.078,	9.434,	308.143,	55.634,	42.317,	306.609,	0.0,	0.0,	0.0,	NaN,	300.219,	0.0,	0.0,	0.0,	NaN,	299.716,	2.747
80.82158,	11.805,	11.098,	308.141,	55.598,	42.337,	306.609,	0.0,	0.0,	0.0,	NaN,	300.219,	0.0,	0.0,	0.0,	NaN,	299.713,	2.747
80.95402,	11.805,	11.066,	308.141,	55.559,	42.49,	306.613,	0.0,	0.0,	0.0,	NaN,	300.223,	0.0,	0.0,	0.0,	NaN,	299.716,	2.747
81.085014,	10.744,	10.017,	308.141,	55.571,	42.601,	306.613,	0.0,	0.0,	0.0,	NaN,	300.223,	0.0,	0.0,	0.0,	NaN,	299.716,	2.747
81.22342,	10.097,	9.403,	308.141,	55.611,	42.532,	306.613,	0.0,	0.0,	0.0,	NaN,	300.219,	0.0,	0.0,	0.0,	NaN,	299.713,	2.747
81.359634,	10.141,	9.506,	308.139,	55.638,	42.352,	306.613,	0.0,	0.0,	0.0,	NaN,	300.223,	0.0,	0.0,	0.0,	NaN,	299.716,	2.72
81.48853,	11.731,	11.035,	308.139,	55.616,	42.318,	306.615,	0.0,	0.0,	0.0,	NaN,	300.223,	0.0,	0.0,	0.0,	NaN,	299.713,	2.707
81.615685,	11.883,	11.153,	308.139,	55.567,	42.458,	306.615,	0.0,	0.0,	0.0,	NaN,	300.223,	0.0,	0.0,	0.0,	NaN,	299.716,	2.707
81.75223,	10.95,	10.22,	308.139,	55.557,	42.589,	306.615,	0.0,	0.0,	0.0,	NaN,	300.223,	0.0,	0.0,	0.0,	NaN,	299.716,	2.706
81.88382,	10.201,	9.497,	308.136,	55.596,	42.561,	306.615,	0.0,	0.0,	0.0,	NaN,	300.226,	0.0,	0.0,	0.0,	NaN,	299.716,	2.707
82.01621,	9.985,	9.325,	308.136,	55.635,	42.388,	306.613,	0.0,	0.0,	0.0,	NaN,	300.223,	0.0,	0.0,	0.0,	NaN,	299.716,	2.707
82.148926,	11.592,	10.908,	308.136,	55.628,	42.301,	306.613,	0.0,	0.0,	0.0,	NaN,	300.223,	0.0,	0.0,	0.0,	NaN,	299.719,	2.707
82.31315,	11.9,	11.172,	308.139,	55.573,	42.444,	306.613,	0.0,	0.0,	0.0,	NaN,	300.223,	0.0,	0.0,	0.0,	NaN,	299.719,	2.706
82.441216,	11.045,	10.314,	308.139,	55.556,	42.585,	306.613,	0.0,	0.0,	0.0,	NaN,	300.226,	0.0,	0.0,	0.0,	NaN,	299.719,	2.706
82.57137,	10.249,	9.541,	308.139,	55.586,	42.569,	306.611,	0.0,	0.0,	0.0,	NaN,	300.223,	0.0,	0.0,	0.0,	NaN,	299.719,	2.706
82.70258,	9.962,	9.299,	308.139,	55.628,	42.405,	306.611,	0.0,	0.0,	0.0,	NaN,	300.226,	0.0,	0.0,	0.0,	NaN,	299.719,	2.706
82.83273,	11.345,	10.678,	308.141,	55.635,	42.294,	306.611,	0.0,	0.0,	0.0,	NaN,	300.226,	0.0,	0.0,	0.0,	NaN,	299.719,	2.707
82.96891,	11.901,	11.179,	308.141,	55.592,	42.413,	306.611,	0.0,	0.0,	0.0,	NaN,	300.223,	0.0,	0.0,	0.0,	NaN,	299.716,	2.707
83.09682,	11.278,	10.546,	308.141,	55.557,	42.565,	306.609,	0.0,	0.0,	0.0,	NaN,	300.226,	0.0,	0.0,	0.0,	NaN,	299.716,	2.754
83.23104,	10.451,	9.731,	308.141,	55.569,	42.595,	306.609,	0.0,	0.0,	0.0,	NaN,	300.226,	0.0,	0.0,	0.0,	NaN,	299.719,	2.754
83.35926,	9.97,	9.293,	308.143,	55.609,	42.467,	306.609,	0.0,	0.0,	0.0,	NaN,	300.223,	0.0,	0.0,	0.0,	NaN,	299.719,	2.754
83.487976,	10.98,	10.347,	308.143,	55.634,	42.299,	306.609,	0.0,	0.0,	0.0,	NaN,	300.223,	0.0,	0.0,	0.0,	NaN,	299.723,	2.754
83.61662,	11.86,	11.147,	308.143,	55.615,	42.367,	306.609,	0.0,	0.0,	0.0,	NaN,	300.226,	0.0,	0.0,	0.0,	NaN,	299.719,	2.754
83.7474,	11.643,	10.893,	308.143,	55.568,	42.523,	306.609,	0.0,	0.0,	0.0,	NaN,	300.226,	0.0,	0.0,	0.0,	NaN,	299.723,	2.754
83.883896,	10.604,	9.878,	308.145,	55.556,	42.602,	306.609,	0.0,	0.0,	0.0,	NaN,	300.226,	0.0,	0.0,	0.0,	NaN,	299.719,	2.754
84.01398,	10.038,	9.352,	308.145,	55.592,	42.503,	306.609,	0.0,	0.0,	0.0,	NaN,	300.226,	0.0,	0.0,	0.0,	NaN,	299.723,	2.754
84.148796,	10.083,	9.436,	308.145,	55.628,	42.34,	306.609,	0.0,	0.0,	0.0,	NaN,	300.226,	0.0,	0.0,	0.0,	NaN,	299.723,	2.754
84.27971,	11.774,	11.074,	308.145,	55.629,	42.322,	306.609,	0.0,	0.0,	0.0,	NaN,	300.223,	0.0,	0.0,	0.0,	NaN,	299.723,	2.754
84.41,	11.882,	11.15,	308.143,	55.585,	42.467,	306.609,	0.0,	0.0,	0.0,	NaN,	300.223,	0.0,	0.0,	0.0,	NaN,	299.723,	2.754
84.541084,	10.903,	10.173,	308.143,	55.549,	42.592,	306.609,	0.0,	0.0,	0.0,	NaN,	300.226,	0.0,	0.0,	0.0,	NaN,	299.723,	2.754
84.66865,	10.186,	9.484,	308.143,	55.568,	42.55,	306.609,	0.0,	0.0,	0.0,	NaN,	300.226,	0.0,	0.0,	0.0,	NaN,	299.723,	2.754
84.82418,	10.141,	9.502,	308.143,	55.617,	42.352,	306.609,	0.0,	0.0,	0.0,	NaN,	300.226,	0.0,	0.0,	0.0,	NaN,	299.723,	2.683
84.956635,	11.747,	11.051,	308.145,	55.629,	42.313,	306.609,	0.0,	0.0,	0.0,	NaN,	300.226,	0.0,	0.0,	0.0,	NaN,	299.723,	2.682
85.08916,	11.909,	11.179,	308.145,	55.597,	42.455,	306.609,	0.0,	0.0,	0.0,	NaN,	300.226,	0.0,	0.0,	0.0,	NaN,	299.723,	2.682
85.22026,	10.992,	10.261,	308.145,	55.553,	42.591,	306.609,	0.0,	0.0,	0.0,	NaN,	300.226,	0.0,	0.0,	0.0,	NaN,	299.723,	2.682
85.3531,	10.234,	9.528,	308.145,	55.56,	42.561,	306.609,	0.0,	0.0,	0.0,	NaN,	300.23,	0.0,	0.0,	0.0,	NaN,	299.726,	2.682
85.4795,	10.003,	9.341,	308.143,	55.601,	42.387,	306.609,	0.0,	0.0,	0.0,	NaN,	300.23,	0.0,	0.0,	0.0,	NaN,	299.726,	2.683
85.6159,	11.608,	10.923,	308.143,	55.633,	42.299,	306.609,	0.0,	0.0,	0.0,	NaN,	300.226,	0.0,	0.0,	0.0,	NaN,	299.726,	2.682
85.768715,	11.928,	11.2,	308.143,	55.606,	42.444,	306.609,	0.0,	0.0,	0.0,	NaN,	300.23,	0.0,	0.0,	0.0,	NaN,	299.726,	2.682
85.896935,	11.086,	10.353,	308.143,	55.559,	42.583,	306.609,	0.0,	0.0,	0.0,	NaN,	300.226,	0.0,	0.0,	0.0,	NaN,	299.726,	2.683
86.03146,	10.283,	9.573,	308.145,	55.556,	42.57,	306.609,	0.0,	0.0,	0.0,	NaN,	300.226,	0.0,	0.0,	0.0,	NaN,	299.73,	2.682
86.16234,	9.983,	9.318,	308.145,	55.595,	42.403,	306.609,	0.0,	0.0,	0.0,	NaN,	300.23,	0.0,	0.0,	0.0,	NaN,	299.73,	2.682
86.305885,	11.53,	10.851,	308.145,	55.629,	42.297,	306.609,	0.0,	0.0,	0.0,	NaN,	300.23,	0.0,	0.0,	0.0,	NaN,	299.73,	2.682
86.430244,	11.929,	11.207,	308.147,	55.622,	42.41,	306.609,	0.0,	0.0,	0.0,	NaN,	300.23,	0.0,	0.0,	0.0,	NaN,	299.73,	2.682
86.563,	11.316,	10.583,	308.147,	55.572,	42.563,	306.609,	0.0,	0.0,	0.0,	NaN,	300.226,	0.0,	0.0,	0.0,	NaN,	299.73,	2.747
86.69757,	10.407,	9.689,	308.147,	55.55,	42.585,	306.613,	0.0,	0.0,	0.0,	NaN,	300.226,	0.0,	0.0,	0.0,	NaN,	299.73,	2.747
86.83674,	9.979,	9.305,	308.147,	55.578,	42.441,	306.613,	0.0,	0.0,	0.0,	NaN,	300.226,	0.0,	0.0,	0.0,	NaN,	299.733,	2.747
86.97372,	11.225,	10.57,	308.145,	55.621,	42.294,	306.613,	0.0,	0.0,	0.0,	NaN,	300.23,	0.0,	0.0,	0.0,	NaN,	299.733,	2.747
87.10022,	11.905,	11.188,	308.145,	55.629,	42.378,	306.613,	0.0,	0.0,	0.0,	NaN,	300.23,	0.0,	0.0,	0.0,	NaN,	299.73,	2.747
87.2337,	11.526,	10.781,	308.145,	55.588,	42.537,	306.611,	0.0,	0.0,	0.0,	NaN,	300.23,	0.0,	0.0,	0.0,	NaN,	299.733,	2.747
87.37015,	10.545,	9.82,	308.145,	55.551,	42.599,	306.611,	0.0,	0.0,	0.0,	NaN,	300.23,	0.0,	0.0,	0.0,	NaN,	299.733,	2.747
87.50742,	10.025,	9.342,	308.143,	55.561,	42.48,	306.611,	0.0,	0.0,	0.0,	NaN,	300.23,	0.0,	0.0,	0.0,	NaN,	299.733,	2.747
87.63638,	10.267,	10.192,	308.143,	55.604,	42.304,	306.609,	0.0,	0.0,	0.0,	NaN,	300.233,	0.0,	0.0,	0.0,	NaN,	299.733,	2.748
87.7688,	11.871,	11.159,	308.143,	55.629,	42.351,	306.609,	0.0,	0.0,	0.0,	NaN,	300.23,	0.0,	0.0,	0.0,	NaN,	299.737,	2.747
87.90565,	11.771,	11.024,	308.143,	55.603,	42.507,	306.609,	0.0,	0.0,	0.0,	NaN,	300.23,	0.0,	0.0,	0.0,	NaN,	299.737,	2.747
88.03482,	10.707,	9.977,	308.145,	55.557,	42.601,	306.609,	0.0,	0.0,	0.0,	NaN,	300.23,	0.0,	0.0,	0.0,	NaN,	299.737,	2.747
88.165306,	10.103,	9.41,	308.145,	55.551,	42.517,	306.609,	0.0,	0.0,	0.0,	NaN,	300.233,	0.0,	0.0,	0.0,	NaN,	299.737,	2.747
88.304695,	10.152,	9.508,	308.145,	55.587,	42.332,	306.609,	0.0,	0.0,	0.0,	NaN,	300.23,	0.0,	0.0,	0.0,	NaN,	299.737,	2.671
88.42982,	11.819,	11.116,	308.145,	55.626,	42.329,	306.609,	0.0,	0.0,	0.0,	NaN,	300.233,	0.0,	0.0,	0.0,	NaN,	299.737,	2.671
88.56524,	11.901,	11.167,	308.143,	55.619,	42.476,	306.609,	0.0,	0.0,	0.0,	NaN,	300.233,	0.0,	0.0,	0.0,	NaN,	299.737,	2.67
88.728455,	10.778,	10.048,	308.143,	55.565,	42.6,	306.609,	0.0,	0.0,	0.0,	NaN,	300.233,	0.0,	0.0,	0.0,	NaN,	299.74,	2.671
88.86002,	10.141,	9.443,	308.143,	55.548,	42.527,	306.609,	0.0,	0.0,	0.0,	NaN,	300.233,	0.0,	0.0,	0.0,	NaN,	299.737,	2.671
88.9948,	10.226,	9.593,	308.143,	55.583,	42.322,	306.609,	0.0,	0.0,	0.0,	NaN,	300.233,	0.0,	0.0,	0.0,	NaN,	299.74,	2.671
89.12931,	11.791,	11.092,	308.145,	55.621,	42.317,	306.609,	0.0,	0.0,	0.0,	NaN,	300.233,	0.0,	0.0,	0.0,	NaN,	299.74,	2.671
89.25507,	11.93,	11.198,	308.145,	55.623,	42.458,	306.613,	0.0,	0.0,	0.0,	NaN,	300.233,	0.0,	0.0,	0.0,	NaN,	299.74,	2.671
89.383606,	10.983,	10.25,	308.145,	55.581,	42.591,	306.613,	0.0,	0.0,	0.0,	NaN,	300.233,	0.0,	0.0,	0.0,	NaN,	299.74,	2.671
89.51359,	10.245,	9.538,	308.145,	55.549,	42.556,	306.613,	0.0,	0.0,	0.0,	NaN,	300.237,	0.0,	0.0,	0.0,	NaN,	299.74,	2.671
89.67639,	10.13,	9.48,	308.143,	55.569,	42.358,	306.613,	0.0,	0.0,	0.0,	NaN,	300.233,	0.0,	0.0,	0.0,	NaN,	299.74,	2.671
89.81156,	11.754,	11.059,	308.143,	55.611,	42.309,	306.615,	0.0,	0.0,	0.0,	NaN,	300.233,	0.0,	0.0,	0.0,	NaN,	299.74,	2.671
89.93902,	11.951,	11.221,	308.143,	55.625,	42.446,	306.615,	0.0,	0.0,	0.0,	NaN,	300.233,	0.0,	0.0,	0.0,	NaN,	299.737,	2.735
90.07383,	11.073,	10.339,	308.145,	55.594,	42.587,	306.615,	0.0,	0.0,	0.0,	NaN,	300.237,	0.0,	0.0,	0.0,	NaN,	299.74,	2.744
90.2038,	10.291,	9.58,	308.145,	55.548,	42.562,	306.615,	0.0,	0.0,	0.0,	NaN,	300.233,	0.0,	0.0,	0.0,	NaN,	299.74,	2.744
90.33924,	10.02,	9.354,	308.145,	55.555,	42.396,	306.613,	0.0,	0.0,	0.0,	NaN,	300.237,	0.0,	0.0,	0.0,	NaN,	299.74,	2.744
90.46754,	11.592,	10.909,	308.145,	55.597,	42.295,	306.613,	0.0,	0.0,	0.0,	NaN,	300.237,	0.0,	0.0,	0.0,	NaN,	299.74,	2.744
90.63402,	11.947,	11.215,	308.147,	55.627,	42.458,	306.613,	0.0,	0.0,	0.0,	NaN,	300.24,	0.0,	0.0,	0.0,	NaN,	299.74,	2.743
90.75982,	11.025,	10.291,	308.147,	55.595,	42.588,	306.615,	0.0,	0.0,	0.0,	NaN,	300.24,	0.0,	0.0,	0.0,	NaN,	299.74,	2.744
90.89878,	10.27,	9.561,	308.147,	55.55,	42.559,	306.615,	0.0,	0.0,	0.0,	NaN,	300.24,	0.0,	0.0,	0.0,	NaN,	299.74,	2.744
91.028656,	10.042,	9.377,	308.147,	55.552,	42.386,	306.615,	0.0,	0.0,	0.0,	NaN,	300.237,	0.0,	0.0,	0.0,	NaN,	299.737,	2.744
91.159676,	11.507,	10.831,	308.145,	55.585,	42.289,	306.615,	0.0,	0.0,	0.0,	NaN,	300.24,	0.0,	0.0,	0.0,	NaN,	299.737,	2.744
91.29992,	11.966,	11.242,	308.145,	55.624,	42.424,	306.617,	0.0,	0.0,	0.0,	NaN,	300.24,	0.0,	0.0,	0.0,	NaN,	299.74,	2.744
91.431046,	11.262,	10.528,	308.145,	55.611,	42.576,	306.617,	0.0,	0.0,	0.0,	NaN,	300.24,	0.0,	0.0,	0.0,	NaN,	299.737,	2.744
91.56244,	10.389,	9.671,	308.145,	55.562,	42.579,	306.617,	0.0,	0.0,	0.0,	NaN,	300.24,	0.0,	0.0,	0.0,	NaN,	299.737,	2.744
91.69297,	10.004,	9.331,	308.143,	55.547,	42.428,	306.617,	0.0,	0.0,	0.0,	NaN,	300.24,	0.0,	0.0,	0.0,	NaN,	299.74,	2.653
91.82613,	11.183,	10.536,	308.143,	55.572,	42.294,	306.615,	0.0,	0.0,	0.0,	NaN,	300.244,	0.0,	0.0,	0.0,	NaN,	299.74,	2.653
91.961685,	11.951,	11.231,	308.143,	55.618,	42.394,	306.615,	0.0,	0.0,	0.0,	NaN,	300.24,	0.0,	0.0,	0.0,	NaN,	299.74,	2.653
92.09053,	11.611,	10.861,	308.143,	55.624,	42.534,	306.615,	0.0,	0.0,	0.0,	NaN,	300.24,	0.0,	0.0,	0.0,	NaN,	299.74,	2.653
92.21801,	10.612,	9.883,	308.141,	55.585,	42.599,	306.615,	0.0,	0.0,	0.0,	NaN,	300.24,	0.0,	0.0,	0.0,	NaN,	299.744,	2.653
92.35039,	10.072,	9.383,	308.141,	55.545,	42.486,	306.613,	0.0,	0.0,	0.0,	NaN,	300.244,	0.0,	0.0,	0.0,	NaN,	299.744,	2.653
92.48405,	10.23,	9.592,	308.141,	55.555,	42.309,	306.613,	0.0,	0.0,	0.0,	NaN,	300.24,	0.0,	0.0,	0.0,	NaN,	299.74,	2.653
92.630844,	11.924,	11.209,	308.143,	55.606,	42.365,	306.613,	0.0,	0.0,	0.0,	NaN,	300.24,	0.0,	0.0,	0.0,	NaN,	299.744,	2.653
92.761154,	11.715,	10.962,	308.143,	55.624,	42.522,	306.613,	0.0,	0.0,	0.0,	NaN,	300.24,	0.0,	0.0,	0.0,	NaN,	299.744,	2.653
92.891815,	10.676,	9.945,	308.143,	55.595,	42.602,	306.611,	0.0,	0.0,	0.0,	NaN,	300.24,	0.0,	0.0,	0.0,	NaN,	299.744,	2.653
93.025986,	10.106,	9.413,	308.143,	55.55,	42.502,	306.611,	0.0,	0.0,	0.0,	NaN,	300.24,	0.0,	0.0,	0.0,	NaN,	299.744,	2.653
93.17037,	10.315,	9.486,	308.145,	55.55,	42.318,	306.611,	0.0,	0.0,	0.0,	NaN,	300.24,	0.0,	0.0,	0.0,	NaN,	299.744,	2.653
93.29994,	11.88,	11.173,	308.145,	55.588,	42.336,	306.611,	0.0,	0.0,	0.0,	NaN,	300.24,	0.0,	0.0,	0.0,	NaN,	299.747,	2.653
93.43119,	11.902,	11.162,	308.145,	55.621,	42.491,	306.613,	0.0,	0.0,	0.0,	NaN,	300.24,	0.0,	0.0,	0.0,	NaN,	299.747,	2.735
93.55879,	10.854,	10.122,	308.145,	55.609,	42.6,	306.613,	0.0,	0.0,	0.0,	NaN,	300.24,	0.0,	0.0,	0.0,	NaN,	299.747,	2.735
93.69228,	10.197,	9.494,	308.143,	55.561,	42.537,	306.613,	0.0,	0.0,	0.0,	NaN,	300.247,	0.0,	0.0,	0.0,	NaN,	299.747,	2.734
93.83132,	10.195,	9.551,	308.143,	55.543,	42.354,	306.615,	0.0,	0.0,	0.0,	NaN,	300.244,	0.0,	0.0,	0.0,	NaN,	299.747,	2.735
93.96882,	11.803,	11.106,	308.143,	55.572,	42.315,	306.615,	0.0,	0.0,	0.0,	NaN,	300.244,	0.0,	0.0,	0.0,	NaN,	299.747,	2.735
94.101814,	11.975,	11.243,	308.143,	55.612,	42.454,	306.615,	0.0,	0.0,	0.0,	NaN,	300.24,	0.0,	0.0,	0.0,	NaN,	299.747,	2.734
94.23702,	11.066,	10.331,	308.145,	55.617,	42.591,	306.615,	0.0,	0.0,	0.0,	NaN,	300.244,	0.0,	0.0,	0.0,	NaN,	299.747,	2.735
94.36565,	10.304,	9.592,	308.145,	55.577,	42.561,	306.613,	0.0,	0.0,	0.0,	NaN,	300.247,	0.0,	0.0,	0.0,	NaN,	299.747,	2.735
94.492165,	10.059,	9.392,	308.145,	55.542,	42.39,	306.613,	0.0,	0.0,	0.0,	NaN,	300.244,	0.0,	0.0,	0.0,	NaN,	299.747,	2.735
94.6259,	11.503,	10.828,	308.145,	55.553,	42.294,	306.613,	0.0,	0.0,	0.0,	NaN,	300.244,	0.0,	0.0,	0.0,	NaN,	299.747,	2.735
94.757744,	11.988,	11.263,	308.143,	55.602,	42.425,	306.613,	0.0,	0.0,	0.0,	NaN,	300.244,	0.0,	0.0,	0.0,	NaN,	299.747,	2.734
94.89816,	11.304,	10.569,	308.143,	55.624,	42.578,	306.611,	0.0,	0.0,	0.0,	NaN,	300.247,	0.0,	0.0,	0.0,	NaN,	299.751,	2.735
95.03498,	10.424,	9.704,	308.143,	55.594,	42.584,	306.611,	0.0,	0.0,	0.0,	NaN,	300.247,	0.0,	0.0,	0.0,	NaN,	299.747,	2.734
95.16586,	10.028,	9.351,	308.143,	55.547,	42.432,	306.611,	0.0,	0.0,	0.0,	NaN,	300.247,	0.0,	0.0,	0.0,	NaN,	299.747,	2.644
95.2968,	11.39,	10.724,	308.145,	55.547,	42.298,	306.611,	0.0,	0.0,	0.0,	NaN,	300.251,	0.0,	0.0,	0.0,	NaN,	299.747,	2.644
95.424065,	11.969,	11.248,	308.145,	55.583,	42.394,	306.613,	0.0,	0.0,	0.0,	NaN,	300.251,	0.0,	0.0,	0.0,	NaN,	299.747,	2.645
95.56001,	11.506,	10.762,	308.145,	55.617,	42.555,	306.613,	0.0,	0.0,	0.0,	NaN,	300.251,	0.0,	0.0,	0.0,	NaN,	299.751,	2.645
95.69154,	10.556,	9.828,	308.145,	55.608,	42.601,	306.613,	0.0,	0.0,	0.0,	NaN,	300.254,	0.0,	0.0,	0.0,	NaN,	299.747,	2.645
95.827354,	10.06,	9.374,	308.143,	55.56,	42.471,	306.613,	0.0,	0.0,	0.0,	NaN,	300.251,	0.0,	0.0,	0.0,	NaN,	299.747,	2.645
95.96942,	11.015,	10.38,	308.143,	55.542,	42.303,	306.611,	0.0,	0.0,	0.0,	NaN,	300.254,	0.0,	0.0,	0.0,	NaN,	299.747,	2.644
96.09996,	11.938,	11.223,	308.143,	55.57,	42.366,	306.611,	0.0,	0.0,	0.0,	NaN,	300.254,	0.0,	0.0,	0.0,	NaN,	299.744,	2.645
96.22475,	11.874,	11.129,	308.143,	55.607,	42.504,	306.611,	0.0,	0.0,	0.0,	NaN,	300.254,	0.0,	0.0,	0.0,	NaN,	299.747,	2.645
96.3598,	10.709,	9.977,	308.145,	55.619,	42.61,	306.611,	0.0,	0.0,	0.0,	NaN,	300.251,	0.0,	0.0,	0.0,	NaN,	299.747,	2.645
96.48995,	10.129,	9.434,	308.145,	55.577,	42.511,	306.613,	0.0,	0.0,	0.0,	NaN,	300.254,	0.0,	0.0,	0.0,	NaN,	299.744,	2.645
96.62343,	10.309,	9.488,	308.145,	55.54,	42.325,	306.613,	0.0,	0.0,	0.0,	NaN,	300.254,	0.0,	0.0,	0.0,	NaN,	299.744,	2.645
96.76397,	11.894,	11.186,	308.143,	55.555,	42.342,	306.613,	0.0,	0.0,	0.0,	NaN,	300.254,	0.0,	0.0,	0.0,	NaN,	299.747,	2.645
96.89697,	11.927,	11.188,	308.143,	55.593,	42.489,	306.613,	0.0,	0.0,	0.0,	NaN,	300.254,	0.0,	0.0,	0.0,	NaN,	299.744,	2.724
97.0247,	11.011,	10.275,	308.143,	55.62,	42.601,	306.615,	0.0,	0.0,	0.0,	NaN,	300.254,	0.0,	0.0,	0.0,	NaN,	299.744,	2.724
97.16164,	10.222,	9.518,	308.143,	55.592,	42.543,	306.615,	0.0,	0.0,	0.0,	NaN,	300.254,	0.0,	0.0,	0.0,	NaN,	299.744,	2.724
97.295494,	10.197,	9.549,	308.141,	55.546,	42.361,	306.615,	0.0,	0.0,	0.0,	NaN,	300.254,	0.0,	0.0,	0.0,	NaN,	299.747,	2.724
97.421715,	11.723,	11.033,	308.141,	55.539,	42.307,	306.615,	0.0,	0.0,	0.0,	NaN,	300.254,	0.0,	0.0,	0.0,	NaN,	299.747,	2.724
97.55012,	12.005,	11.278,	308.141,	55.577,	42.44,	306.613,	0.0,	0.0,	0.0,	NaN,	300.254,	0.0,	0.0,	0.0,	NaN,	299.747,	2.724
97.677414,	11.241,	10.505,	308.141,	55.613,	42.587,	306.613,	0.0,	0.0,	0.0,	NaN,	300.254,	0.0,	0.0,	0.0,	NaN,	299.744,	2.724
97.812675,	10.4,	9.681,	308.143,	55.608,	42.581,	306.613,	0.0,	0.0,	0.0,	NaN,	300.254,	0.0,	0.0,	0.0,	NaN,	299.747,	2.723
97.9545,	10.044,	9.369,	308.143,	55.566,	42.422,	306.613,	0.0,	0.0,	0.0,	NaN,	300.254,	0.0,	0.0,	0.0,	NaN,	299.747,	2.724
98.091,	11.506,	10.831,	308.143,	55.537,	42.3,	306.615,	0.0,	0.0,	0.0,	NaN,	300.254,	0.0,	0.0,	0.0,	NaN,	299.747,	2.723
98.219986,	11.994,	11.271,	308.143,	55.559,	42.406,	306.615,	0.0,	0.0,	0.0,	NaN,	300.251,	0.0,	0.0,	0.0,	NaN,	299.747,	2.723
98.35278,	11.456,	10.716,	308.145,	55.602,	42.564,	306.615,	0.0,	0.0,	0.0,	NaN,	300.251,	0.0,	0.0,	0.0,	NaN,	299.747,	2.724
98.48859,	10.449,	9.727,	308.145,	55.614,	42.59,	306.613,	0.0,	0.0,	0.0,	NaN,	300.251,	0.0,	0.0,	0.0,	NaN,	299.747,	2.724
98.62899,	10.047,	9.368,	308.145,	55.573,	42.438,	306.613,	0.0,	0.0,	0.0,	NaN,	300.251,	0.0,	0.0,	0.0,	NaN,	299.747,	2.641
98.759796,	11.393,	10.727,	308.145,	55.537,	42.299,	306.613,	0.0,	0.0,	0.0,	NaN,	300.247,	0.0,	0.0,	0.0,	NaN,	299.747,	2.641
98.89048,	11.988,	11.267,	308.147,	55.552,	42.399,	306.613,	0.0,	0.0,	0.0,	NaN,	300.247,	0.0,	0.0,	0.0,	NaN,	299.747,	2.641
99.022354,	11.684,	10.93,	308.147,	55.59,	42.537,	306.611,	0.0,	0.0,	0.0,	NaN,	300.247,	0.0,	0.0,	0.0,	NaN,	299.747,	2.641
99.15104,	10.674,	9.941,	308.147,	55.615,	42.608,	306.611,	0.0,	0.0,	0.0,	NaN,	300.247,	0.0,	0.0,	0.0,	NaN,	299.751,	2.641
99.28097,	10.122,	9.429,	308.147,	55.596,	42.499,	306.611,	0.0,	0.0,	0.0,	NaN,	300.247,	0.0,	0.0,	0.0,	NaN,	299.751,	2.641
99.40933,	10.233,	9.587,	308.145,	55.553,	42.336,	306.611,	0.0,	0.0,	0.0,	NaN,	300.247,	0.0,	0.0,	0.0,	NaN,	299.751,	2.641
99.53501,	11.886,	11.18,	308.145,	55.535,	42.337,	306.613,	0.0,	0.0,	0.0,	NaN,	300.247,	0.0,	0.0,	0.0,	NaN,	299.751,	2.641
99.66722,	11.965,	11.229,	308.145,	55.565,	42.485,	306.613,	0.0,	0.0,	0.0,	NaN,	300.244,	0.0,	0.0,	0.0,	NaN,	299.751,	2.641
99.804115,	10.84,	10.106,	308.145,	55.607,	42.612,	306.613,	0.0,	0.0,	0.0,	NaN,	300.247,	0.0,	0.0,	0.0,	NaN,	299.751,	2.641
99.93975,	10.205,	9.502,	308.147,	55.607,	42.534,	306.613,	0.0,	0.0,	0.0,	NaN,	300.244,	0.0,	0.0,	0.0,	NaN,	299.751,	2.64
100.07428,	10.308,	9.493,	308.147,	55.561,	42.349,	306.611,	0.0,	0.0,	0.0,	NaN,	300.244,	0.0,	0.0,	0.0,	NaN,	299.751,	2.641
100.21187,	11.853,	11.152,	308.147,	55.534,	42.333,	306.611,	0.0,	0.0,	0.0,	NaN,	300.244,	0.0,	0.0,	0.0,	NaN,	299.751,	2.641
100.341606,	11.991,	11.257,	308.147,	55.556,	42.476,	306.611,	0.0,	0.0,	0.0,	NaN,	300.247,	0.0,	0.0,	0.0,	NaN,	299.751,	2.706
100.47392,	11.037,	10.301,	308.149,	55.597,	42.603,	306.611,	0.0,	0.0,	0.0,	NaN,	300.244,	0.0,	0.0,	0.0,	NaN,	299.754,	2.706
100.607056,	10.374,	9.657,	308.149,	55.613,	42.579,	306.609,	0.0,	0.0,	0.0,	NaN,	300.244,	0.0,	0.0,	0.0,	NaN,	299.754,	2.706
100.73456,	10.067,	9.394,	308.149,	55.584,	42.413,	306.609,	0.0,	0.0,	0.0,	NaN,	300.244,	0.0,	0.0,	0.0,	NaN,	299.751,	2.706
100.87147,	11.728,	11.038,	308.149,	55.535,	42.314,	306.609,	0.0,	0.0,	0.0,	NaN,	300.244,	0.0,	0.0,	0.0,	NaN,	299.751,	2.706
101.00761,	12.019,	11.292,	308.152,	55.542,	42.444,	306.609,	0.0,	0.0,	0.0,	NaN,	300.247,	0.0,	0.0,	0.0,	NaN,	299.754,	2.705
101.14556,	11.27,	10.532,	308.152,	55.584,	42.588,	306.613,	0.0,	0.0,	0.0,	NaN,	300.247,	0.0,	0.0,	0.0,	NaN,	299.751,	2.706
101.278564,	10.42,	9.7,	308.152,	55.615,	42.589,	306.613,	0.0,	0.0,	0.0,	NaN,	300.247,	0.0,	0.0,	0.0,	NaN,	299.751,	2.706
101.40534,	10.058,	9.382,	308.149,	55.593,	42.429,	306.613,	0.0,	0.0,	0.0,	NaN,	300.247,	0.0,	0.0,	0.0,	NaN,	299.751,	2.706
101.544304,	11.509,	10.834,	308.149,	55.548,	42.305,	306.613,	0.0,	0.0,	0.0,	NaN,	300.247,	0.0,	0.0,	0.0,	NaN,	299.751,	2.706
101.672005,	12.008,	11.285,	308.149,	55.535,	42.413,	306.611,	0.0,	0.0,	0.0,	NaN,	300.247,	0.0,	0.0,	0.0,	NaN,	299.747,	2.706
101.83313,	11.361,	10.625,	308.149,	55.573,	42.583,	306.611,	0.0,	0.0,	0.0,	NaN,	300.251,	0.0,	0.0,	0.0,	NaN,	299.747,	2.706
101.96723,	10.47,	9.747,	308.147,	55.612,	42.597,	306.611,	0.0,	0.0,	0.0,	NaN,	300.251,	0.0,	0.0,	0.0,	NaN,	299.744,	2.65
102.09675,	10.062,	9.381,	308.147,	55.602,	42.444,	306.609,	0.0,	0.0,	0.0,	NaN,	300.251,	0.0,	0.0,	0.0,	NaN,	299.744,	2.65
102.22276,	11.159,	10.514,	308.147,	55.559,	42.306,	306.609,	0.0,	0.0,	0.0,	NaN,	300.251,	0.0,	0.0,	0.0,	NaN,	299.744,	2.65
102.35267,	11.978,	11.26,	308.147,	55.531,	42.383,	306.609,	0.0,	0.0,	0.0,	NaN,	300.251,	0.0,	0.0,	0.0,	NaN,	299.74,	2.65
102.48282,	12.016,	11.291,	308.147,	55.532,	42.421,	306.609,	0.0,	0.0,	0.0,	NaN,	300.251,	0.0,	0.0,	0.0,	NaN,	299.74,	2.65
102.58862,	11.708,	10.954,	308.149,	55.551,	42.54,	306.609,	0.0,	0.0,	0.0,	NaN,	300.254,	0.0,	0.0,	0.0,	NaN,	299.74,	2.65
102.70397,	10.695,	9.961,	308.149,	55.597,	42.614,	306.613,	0.0,	0.0,	0.0,	NaN,	300.254,	0.0,	0.0,	0.0,	NaN,	299.74,	2.65
102.81419,	10.305,	9.593,	308.149,	55.612,	42.567,	306.613,	0.0,	0.0,	0.0,	NaN,	300.251,	0.0,	0.0,	0.0,	NaN,	299.744,	2.649
102.919304,	10.081,	9.408,	308.149,	55.601,	42.411,	306.613,	0.0,	0.0,	0.0,	NaN,	300.251,	0.0,	0.0,	0.0,	NaN,	299.744,	2.65
103.022064,	11.26,	10.606,	308.149,	55.565,	42.309,	306.613,	0.0,	0.0,	0.0,	NaN,	300.251,	0.0,	0.0,	0.0,	NaN,	299.744,	2.65
103.12982,	11.967,	11.252,	308.152,	55.533,	42.373,	306.613,	0.0,	0.0,	0.0,	NaN,	300.251,	0.0,	0.0,	0.0,	NaN,	299.74,	2.65
103.23269,	11.395,	10.658,	308.152,	55.559,	42.583,	306.611,	0.0,	0.0,	0.0,	NaN,	300.254,	0.0,	0.0,	0.0,	NaN,	299.737,	2.65
103.34433,	11.112,	10.374,	308.152,	55.571,	42.604,	306.611,	0.0,	0.0,	0.0,	NaN,	300.254,	0.0,	0.0,	0.0,	NaN,	299.737,	2.65
103.44734,	10.493,	9.768,	308.152,	55.601,	42.6,	306.611,	0.0,	0.0,	0.0,	NaN,	300.251,	0.0,	0.0,	0.0,	NaN,	299.74,	2.65
103.55284,	10.125,	9.432,	308.152,	55.614,	42.501,	306.611,	0.0,	0.0,	0.0,	NaN,	300.254,	0.0,	0.0,	0.0,	NaN,	299.737,	2.65
103.65574,	10.308,	9.67,	308.154,	55.588,	42.342,	306.611,	0.0,	0.0,	0.0,	NaN,	300.254,	0.0,	0.0,	0.0,	NaN,	299.74,	2.65
103.771965,	11.79,	11.096,	308.154,	55.553,	42.324,	306.609,	0.0,	0.0,	0.0,	NaN,	300.258,	0.0,	0.0,	0.0,	NaN,	299.737,	2.683
103.87768,	11.884,	11.135,	308.154,	55.538,	42.52,	306.609,	0.0,	0.0,	0.0,	NaN,	300.254,	0.0,	0.0,	0.0,	NaN,	299.737,	2.683
103.97983,	11.595,	10.847,	308.154,	55.544,	42.559,	306.609,	0.0,	0.0,	0.0,	NaN,	300.258,	0.0,	0.0,	0.0,	NaN,	299.737,	2.683
104.08575,	10.823,	10.088,	308.154,	55.578,	42.617,	306.609,	0.0,	0.0,	0.0,	NaN,	300.258,	0.0,	0.0,	0.0,	NaN,	299.737,	2.683
104.18918,	10.326,	9.612,	308.156,	55.605,	42.571,	306.609,	0.0,	0.0,	0.0,	NaN,	300.258,	0.0,	0.0,	0.0,	NaN,	299.737,	2.683
104.29213,	10.079,	9.405,	308.156,	55.607,	42.42,	306.609,	0.0,	0.0,	0.0,	NaN,	300.258,	0.0,	0.0,	0.0,	NaN,	299.737,	2.684
104.39939,	11.206,	10.557,	308.156,	55.582,	42.312,	306.609,	0.0,	0.0,	0.0,	NaN,	300.258,	0.0,	0.0,	0.0,	NaN,	299.74,	2.683
